기간	지역	전체인구	전체인구	전체인구	65세이상 인구	65세이상 인구	65세이상 인구	65세이상 인구	65세이상 인구	65세이상 인구	65세이상 인구	65세이상 인구	65세이상 인구
기간	지역	전체인구	전체인구	전체인구	합계	합계	합계	내국인	내국인	내국인	등록외국인	등록외국인	등록외국인
기간	지역	계	남자	여자	계	남자	여자	계	남자	여자	계	남자	여자
2011.1/4	합계	10,581,728	5,238,674	5,343,054	1,018,534	440,762	577,772	1,013,180	438,147	575,033	5,354	2,615	2,739
2011.1/4	종로구	179,068	89,119	89,949	22,595	9,846	12,749	22,434	9,767	12,667	161	79	82
2011.1/4	중구	141,401	71,005	70,396	17,707	7,502	10,205	17,510	7,412	10,098	197	90	107
2011.1/4	용산구	257,881	126,036	131,845	31,231	13,109	18,122	30,985	12,976	18,009	246	133	113
2011.1/4	성동구	314,993	157,705	157,288	32,327	13,830	18,497	32,207	13,778	18,429	120	52	68
2011.1/4	광진구	388,811	192,008	196,803	32,580	14,355	18,225	32,350	14,234	18,116	230	121	109
2011.1/4	동대문구	380,320	190,779	189,541	43,106	19,038	24,068	42,956	18,965	23,991	150	73	77
2011.1/4	중랑구	431,787	215,949	215,838	42,282	18,387	23,895	42,190	18,354	23,836	92	33	59
2011.1/4	성북구	498,616	245,935	252,681	53,839	23,204	30,635	53,692	23,138	30,554	147	66	81
2011.1/4	강북구	349,943	173,250	176,693	42,156	18,597	23,559	42,089	18,564	23,525	67	33	34
2011.1/4	도봉구	370,209	182,989	187,220	38,518	16,768	21,750	38,490	16,755	21,735	28	13	15
2011.1/4	노원구	612,587	299,694	312,893	57,325	22,850	34,475	57,252	22,818	34,434	73	32	41
2011.1/4	은평구	496,310	244,017	252,293	54,528	23,752	30,776	54,405	23,694	30,711	123	58	65
2011.1/4	서대문구	331,607	161,609	169,998	39,623	16,805	22,818	39,316	16,659	22,657	307	146	161
2011.1/4	마포구	402,028	195,771	206,257	41,831	17,789	24,042	41,593	17,686	23,907	238	103	135
2011.1/4	양천구	503,867	250,598	253,269	39,472	16,416	23,056	39,358	16,347	23,011	114	69	45
2011.1/4	강서구	579,669	285,926	293,743	50,965	21,287	29,678	50,785	21,190	29,595	180	97	83
2011.1/4	구로구	453,364	229,662	223,702	39,808	17,843	21,965	39,163	17,534	21,629	645	309	336
2011.1/4	금천구	265,159	136,164	128,995	24,272	10,762	13,510	23,904	10,565	13,339	368	197	171
2011.1/4	영등포구	447,738	226,355	221,383	43,358	19,318	24,040	42,568	18,912	23,656	790	406	384
2011.1/4	동작구	414,191	203,778	210,413	42,901	18,876	24,025	42,722	18,792	23,930	179	84	95
2011.1/4	관악구	550,800	278,955	271,845	51,411	23,175	28,236	51,051	22,996	28,055	360	179	181
2011.1/4	서초구	440,188	213,263	226,925	37,596	17,103	20,493	37,473	17,053	20,420	123	50	73
2011.1/4	강남구	576,453	277,561	298,892	44,834	19,655	25,179	44,679	19,588	25,091	155	67	88
2011.1/4	송파구	692,962	339,594	353,368	53,766	23,291	30,475	53,599	23,212	30,387	167	79	88
2011.1/4	강동구	501,776	250,952	250,824	40,503	17,204	23,299	40,409	17,158	23,251	94	46	48
2011.2/4	합계	10,570,064	5,231,751	5,338,313	1,025,615	443,955	581,660	1,020,473	441,424	579,049	5,142	2,531	2,611
2011.2/4	종로구	178,779	88,814	89,965	22,708	9,868	12,840	22,554	9,790	12,764	154	78	76
2011.2/4	중구	141,083	70,990	70,093	17,748	7,515	10,233	17,559	7,423	10,136	189	92	97
2011.2/4	용산구	259,659	126,848	132,811	31,414	13,159	18,255	31,173	13,026	18,147	241	133	108
2011.2/4	성동구	313,333	156,923	156,410	32,279	13,825	18,454	32,162	13,774	18,388	117	51	66
2011.2/4	광진구	388,347	191,801	196,546	32,822	14,476	18,346	32,603	14,358	18,245	219	118	101
2011.2/4	동대문구	379,964	190,508	189,456	43,409	19,149	24,260	43,258	19,076	24,182	151	73	78
2011.2/4	중랑구	431,029	215,447	215,582	42,586	18,513	24,073	42,499	18,480	24,019	87	33	54
2011.2/4	성북구	497,395	245,187	252,208	54,084	23,269	30,815	53,941	23,207	30,734	143	62	81
2011.2/4	강북구	349,354	172,773	176,581	42,501	18,710	23,791	42,438	18,677	23,761	63	33	30
2011.2/4	도봉구	369,816	182,851	186,965	38,887	16,954	21,933	38,854	16,939	21,915	33	15	18
2011.2/4	노원구	610,527	298,513	312,014	57,618	22,962	34,656	57,553	22,936	34,617	65	26	39
2011.2/4	은평구	496,792	244,134	252,658	55,133	24,005	31,128	55,016	23,950	31,066	117	55	62
2011.2/4	서대문구	328,640	160,176	168,464	39,531	16,753	22,778	39,236	16,612	22,624	295	141	154
2011.2/4	마포구	401,879	195,524	206,355	42,120	17,891	24,229	41,884	17,789	24,095	236	102	134
2011.2/4	양천구	502,946	250,098	252,848	39,813	16,657	23,156	39,702	16,591	23,111	111	66	45
2011.2/4	강서구	579,288	285,672	293,616	51,287	21,455	29,832	51,118	21,361	29,757	169	94	75
2011.2/4	구로구	453,911	229,847	224,064	40,064	17,984	22,080	39,465	17,703	21,762	599	281	318
2011.2/4	금천구	264,880	135,961	128,919	24,396	10,807	13,589	24,044	10,610	13,434	352	197	155
2011.2/4	영등포구	447,488	226,131	221,357	43,561	19,397	24,164	42,788	19,007	23,781	773	390	383
2011.2/4	동작구	414,855	204,192	210,663	43,347	19,052	24,295	43,172	18,973	24,199	175	79	96
2011.2/4	관악구	549,803	278,478	271,325	51,720	23,288	28,432	51,393	23,121	28,272	327	167	160
2011.2/4	서초구	438,473	212,471	226,002	37,888	17,244	20,644	37,776	17,197	20,579	112	47	65
2011.2/4	강남구	577,205	278,063	299,142	45,652	20,049	25,603	45,494	19,980	25,514	158	69	89
2011.2/4	송파구	692,676	339,470	353,206	54,131	23,496	30,635	53,973	23,416	30,557	158	80	78
2011.2/4	강동구	501,942	250,879	251,063	40,916	17,477	23,439	40,818	17,428	23,390	98	49	49
2011.3/4	합계	10,557,498	5,224,009	5,333,489	1,038,150	449,930	588,220	1,033,344	447,577	585,767	4,806	2,353	2,453
2011.3/4	종로구	178,539	88,676	89,863	22,857	9,936	12,921	22,717	9,863	12,854	140	73	67
2011.3/4	중구	140,682	70,766	69,916	17,865	7,551	10,314	17,692	7,469	10,223	173	82	91
2011.3/4	용산구	259,810	126,912	132,898	31,623	13,245	18,378	31,406	13,123	18,283	217	122	95
2011.3/4	성동구	311,504	155,961	155,543	32,525	13,926	18,599	32,415	13,875	18,540	110	51	59
2011.3/4	광진구	387,864	191,439	196,425	33,183	14,680	18,503	32,976	14,568	18,408	207	112	95
2011.3/4	동대문구	380,353	190,589	189,764	43,966	19,383	24,583	43,829	19,315	24,514	137	68	69
2011.3/4	중랑구	430,004	214,943	215,061	43,230	18,820	24,410	43,154	18,788	24,366	76	32	44
2011.3/4	성북구	496,556	244,605	251,951	54,690	23,552	31,138	54,555	23,490	31,065	135	62	73
2011.3/4	강북구	348,710	172,347	176,363	42,990	18,911	24,079	42,935	18,883	24,052	55	28	27
2011.3/4	도봉구	368,674	182,202	186,472	39,383	17,159	22,224	39,353	17,147	22,206	30	12	18
2011.3/4	노원구	609,725	298,085	311,640	58,148	23,163	34,985	58,090	23,141	34,949	58	22	36
2011.3/4	은평구	497,433	244,359	253,074	55,896	24,351	31,545	55,789	24,299	31,490	107	52	55
2011.3/4	서대문구	327,231	159,404	167,827	39,835	16,878	22,957	39,540	16,741	22,799	295	137	158
2011.3/4	마포구	400,919	194,915	206,004	42,395	18,002	24,393	42,166	17,901	24,265	229	101	128
2011.3/4	양천구	506,126	251,609	254,517	40,611	17,014	23,597	40,503	16,953	23,550	108	61	47
2011.3/4	강서구	577,142	284,483	292,659	51,853	21,800	30,053	51,691	21,713	29,978	162	87	75
2011.3/4	구로구	456,552	231,035	225,517	41,006	18,447	22,559	40,446	18,183	22,263	560	264	296
2011.3/4	금천구	264,183	135,567	128,616	24,674	10,961	13,713	24,337	10,779	13,558	337	182	155
2011.3/4	영등포구	443,820	224,221	219,599	43,741	19,511	24,230	43,042	19,171	23,871	699	340	359
2011.3/4	동작구	414,304	203,874	210,430	43,881	19,261	24,620	43,716	19,186	24,530	165	75	90
2011.3/4	관악구	548,820	278,036	270,784	52,406	23,612	28,794	52,098	23,461	28,637	308	151	157
2011.3/4	서초구	438,626	212,505	226,121	38,416	17,490	20,926	38,308	17,441	20,867	108	49	59
2011.3/4	강남구	576,409	277,684	298,725	46,612	20,551	26,061	46,461	20,479	25,982	151	72	79
2011.3/4	송파구	691,842	338,996	352,846	54,788	23,863	30,925	54,643	23,790	30,853	145	73	72
2011.3/4	강동구	501,670	250,796	250,874	41,576	17,863	23,713	41,482	17,818	23,664	94	45	49
2011.4/4	합계	10,528,774	5,208,492	5,320,282	1,049,425	455,302	594,123	1,044,750	453,055	591,695	4,675	2,247	2,428
2011.4/4	종로구	177,419	88,107	89,312	22,939	9,999	12,940	22,800	9,925	12,875	139	74	65
2011.4/4	중구	141,567	71,137	70,430	18,099	7,621	10,478	17,928	7,541	10,387	171	80	91
2011.4/4	용산구	259,288	126,735	132,553	31,837	13,333	18,504	31,623	13,211	18,412	214	122	92
2011.4/4	성동구	308,767	154,511	154,256	32,767	14,032	18,735	32,659	13,984	18,675	108	48	60
2011.4/4	광진구	386,673	190,867	195,806	33,613	14,878	18,735	33,418	14,777	18,641	195	101	94
2011.4/4	동대문구	378,534	189,538	188,996	44,368	19,559	24,809	44,229	19,493	24,736	139	66	73
2011.4/4	중랑구	428,672	214,258	214,414	43,745	19,079	24,666	43,676	19,050	24,626	69	29	40
2011.4/4	성북구	494,422	243,639	250,783	55,213	23,805	31,408	55,083	23,747	31,336	130	58	72
2011.4/4	강북구	348,740	172,309	176,431	43,507	19,136	24,371	43,453	19,109	24,344	54	27	27
2011.4/4	도봉구	367,949	181,911	186,038	39,810	17,324	22,486	39,781	17,313	22,468	29	11	18
2011.4/4	노원구	608,062	297,308	310,754	58,642	23,425	35,217	58,584	23,402	35,182	58	23	35
2011.4/4	은평구	498,350	244,730	253,620	56,595	24,669	31,926	56,485	24,620	31,865	110	49	61
2011.4/4	서대문구	324,529	158,160	166,369	40,041	16,968	23,073	39,740	16,828	22,912	301	140	161
2011.4/4	마포구	398,627	193,539	205,088	42,610	18,076	24,534	42,396	17,983	24,413	214	93	121
2011.4/4	양천구	505,605	251,346	254,259	41,110	17,284	23,826	41,004	17,226	23,778	106	58	48
2011.4/4	강서구	575,846	283,662	292,184	52,314	22,089	30,225	52,152	22,000	30,152	162	89	73
2011.4/4	구로구	458,908	232,056	226,852	41,992	18,912	23,080	41,450	18,662	22,788	542	250	292
2011.4/4	금천구	264,256	135,604	128,652	25,089	11,183	13,906	24,761	11,010	13,751	328	173	155
2011.4/4	영등포구	439,555	221,913	217,642	43,891	19,587	24,304	43,215	19,260	23,955	676	327	349
2011.4/4	동작구	413,658	203,341	210,317	44,287	19,468	24,819	44,132	19,403	24,729	155	65	90
2011.4/4	관악구	546,350	276,675	269,675	53,022	23,895	29,127	52,725	23,754	28,971	297	141	156
2011.4/4	서초구	439,012	212,636	226,376	39,035	17,751	21,284	38,933	17,705	21,228	102	46	56
2011.4/4	강남구	573,003	275,906	297,097	47,187	20,801	26,386	47,041	20,731	26,310	146	70	76
2011.4/4	송파구	690,466	338,344	352,122	55,456	24,234	31,222	55,316	24,168	31,148	140	66	74
2011.4/4	강동구	500,516	250,260	250,256	42,256	18,194	24,062	42,166	18,153	24,013	90	41	49
2012.1/4	합계	10,519,780	5,202,479	5,317,301	1,071,161	465,738	605,423	1,065,727	463,117	602,610	5,434	2,621	2,813
2012.1/4	종로구	176,766	87,774	88,992	23,300	10,159	13,141	23,153	10,078	13,075	147	81	66
2012.1/4	중구	143,727	72,210	71,517	18,546	7,837	10,709	18,353	7,745	10,608	193	92	101
2012.1/4	용산구	258,374	126,239	132,135	32,230	13,516	18,714	31,974	13,369	18,605	256	147	109
2012.1/4	성동구	308,020	154,187	153,833	33,341	14,304	19,037	33,216	14,247	18,969	125	57	68
2012.1/4	광진구	386,283	190,593	195,690	34,340	15,207	19,133	34,109	15,084	19,025	231	123	108
2012.1/4	동대문구	378,791	189,689	189,102	45,141	19,908	25,233	44,975	19,834	25,141	166	74	92
2012.1/4	중랑구	427,522	213,697	213,825	44,801	19,548	25,253	44,723	19,513	25,210	78	35	43
2012.1/4	성북구	493,973	243,328	250,645	56,146	24,282	31,864	55,989	24,207	31,782	157	75	82
2012.1/4	강북구	349,569	172,594	176,975	44,480	19,565	24,915	44,411	19,530	24,881	69	35	34
2012.1/4	도봉구	366,821	181,248	185,573	40,587	17,692	22,895	40,551	17,676	22,875	36	16	20
2012.1/4	노원구	606,399	296,563	309,836	59,520	23,823	35,697	59,450	23,792	35,658	70	31	39
2012.1/4	은평구	503,115	246,967	256,148	58,110	25,360	32,750	57,977	25,298	32,679	133	62	71
2012.1/4	서대문구	322,617	157,119	165,498	40,580	17,174	23,406	40,239	17,021	23,218	341	153	188
2012.1/4	마포구	397,736	192,897	204,839	43,322	18,411	24,911	43,068	18,297	24,771	254	114	140
2012.1/4	양천구	504,339	250,749	253,590	41,896	17,689	24,207	41,781	17,629	24,152	115	60	55
2012.1/4	강서구	575,205	283,166	292,039	53,474	22,676	30,798	53,295	22,579	30,716	179	97	82
2012.1/4	구로구	458,935	231,933	227,002	43,154	19,501	23,653	42,525	19,207	23,318	629	294	335
2012.1/4	금천구	264,299	135,715	128,584	25,793	11,527	14,266	25,388	11,322	14,066	405	205	200
2012.1/4	영등포구	437,116	220,435	216,681	44,854	20,074	24,780	44,078	19,698	24,380	776	376	400
2012.1/4	동작구	413,994	203,456	210,538	45,250	19,941	25,309	45,068	19,862	25,206	182	79	103
2012.1/4	관악구	545,971	276,435	269,536	54,194	24,442	29,752	53,843	24,286	29,557	351	156	195
2012.1/4	서초구	441,160	213,738	227,422	40,040	18,215	21,825	39,915	18,156	21,759	125	59	66
2012.1/4	강남구	570,824	274,780	296,044	48,153	21,301	26,852	47,994	21,221	26,773	159	80	79
2012.1/4	송파구	690,312	338,071	352,241	56,796	24,889	31,907	56,639	24,814	31,825	157	75	82
2012.1/4	강동구	497,912	248,896	249,016	43,113	18,697	24,416	43,013	18,652	24,361	100	45	55
2012.2/4	합계	10,498,693	5,190,917	5,307,776	1,083,464	471,413	612,051	1,078,098	468,930	609,168	5,366	2,483	2,883
2012.2/4	종로구	175,430	87,074	88,356	23,472	10,235	13,237	23,329	10,159	13,170	143	76	67
2012.2/4	중구	143,957	72,358	71,599	18,777	7,947	10,830	18,584	7,852	10,732	193	95	98
2012.2/4	용산구	257,194	125,640	131,554	32,427	13,589	18,838	32,172	13,444	18,728	255	145	110
2012.2/4	성동구	307,436	153,851	153,585	33,616	14,481	19,135	33,483	14,423	19,060	133	58	75
2012.2/4	광진구	385,970	190,410	195,560	34,806	15,425	19,381	34,586	15,312	19,274	220	113	107
2012.2/4	동대문구	378,064	189,272	188,792	45,752	20,159	25,593	45,582	20,088	25,494	170	71	99
2012.2/4	중랑구	426,246	212,951	213,295	45,269	19,738	25,531	45,195	19,710	25,485	74	28	46
2012.2/4	성북구	492,771	242,533	250,238	56,763	24,512	32,251	56,619	24,446	32,173	144	66	78
2012.2/4	강북구	348,912	172,267	176,645	45,022	19,747	25,275	44,953	19,712	25,241	69	35	34
2012.2/4	도봉구	365,875	180,749	185,126	41,086	17,931	23,155	41,052	17,917	23,135	34	14	20
2012.2/4	노원구	605,162	296,008	309,154	60,072	24,119	35,953	60,002	24,089	35,913	70	30	40
2012.2/4	은평구	506,167	248,357	257,810	59,020	25,791	33,229	58,886	25,727	33,159	134	64	70
2012.2/4	서대문구	321,481	156,485	164,996	40,933	17,332	23,601	40,591	17,182	23,409	342	150	192
2012.2/4	마포구	396,218	192,060	204,158	43,532	18,480	25,052	43,276	18,369	24,907	256	111	145
2012.2/4	양천구	503,121	250,138	252,983	42,410	17,943	24,467	42,291	17,884	24,407	119	59	60
2012.2/4	강서구	574,994	283,020	291,974	54,178	23,027	31,151	54,013	22,936	31,077	165	91	74
2012.2/4	구로구	458,701	231,620	227,081	43,879	19,849	24,030	43,239	19,564	23,675	640	285	355
2012.2/4	금천구	263,728	135,447	128,281	26,189	11,703	14,486	25,800	11,514	14,286	389	189	200
2012.2/4	영등포구	433,877	218,717	215,160	45,124	20,176	24,948	44,365	19,837	24,528	759	339	420
2012.2/4	동작구	413,563	203,197	210,366	45,813	20,199	25,614	45,628	20,121	25,507	185	78	107
2012.2/4	관악구	545,141	276,155	268,986	54,932	24,755	30,177	54,570	24,602	29,968	362	153	209
2012.2/4	서초구	441,205	213,698	227,507	40,686	18,488	22,198	40,560	18,430	22,130	126	58	68
2012.2/4	강남구	569,048	273,925	295,123	48,663	21,556	27,107	48,512	21,484	27,028	151	72	79
2012.2/4	송파구	689,120	337,419	351,701	57,421	25,262	32,159	57,278	25,198	32,080	143	64	79
2012.2/4	강동구	495,312	247,566	247,746	43,622	18,969	24,653	43,532	18,930	24,602	90	39	51
2012.3/4	합계	10,478,545	5,179,090	5,299,455	1,098,106	478,248	619,858	1,092,672	475,788	616,884	5,434	2,460	2,974
2012.3/4	종로구	174,850	86,871	87,979	23,712	10,348	13,364	23,573	10,277	13,296	139	71	68
2012.3/4	중구	143,089	71,918	71,171	18,967	8,058	10,909	18,775	7,965	10,810	192	93	99
2012.3/4	용산구	256,614	125,401	131,213	32,755	13,719	19,036	32,502	13,576	18,926	253	143	110
2012.3/4	성동구	307,801	153,817	153,984	33,907	14,578	19,329	33,773	14,522	19,251	134	56	78
2012.3/4	광진구	385,874	190,213	195,661	35,380	15,700	19,680	35,162	15,592	19,570	218	108	110
2012.3/4	동대문구	377,467	188,774	188,693	46,338	20,456	25,882	46,163	20,382	25,781	175	74	101
2012.3/4	중랑구	425,101	212,419	212,682	45,916	19,993	25,923	45,843	19,966	25,877	73	27	46
2012.3/4	성북구	492,429	242,031	250,398	57,484	24,794	32,690	57,336	24,728	32,608	148	66	82
2012.3/4	강북구	347,817	171,757	176,060	45,633	20,000	25,633	45,561	19,965	25,596	72	35	37
2012.3/4	도봉구	365,404	180,522	184,882	41,733	18,233	23,500	41,695	18,216	23,479	38	17	21
2012.3/4	노원구	603,521	295,107	308,414	60,672	24,379	36,293	60,602	24,349	36,253	70	30	40
2012.3/4	은평구	506,691	248,494	258,197	59,918	26,193	33,725	59,791	26,131	33,660	127	62	65
2012.3/4	서대문구	321,183	156,242	164,941	41,365	17,541	23,824	41,028	17,390	23,638	337	151	186
2012.3/4	마포구	395,754	191,672	204,082	43,927	18,648	25,279	43,680	18,539	25,141	247	109	138
2012.3/4	양천구	501,855	249,342	252,513	43,077	18,280	24,797	42,956	18,221	24,735	121	59	62
2012.3/4	강서구	574,777	282,855	291,922	55,088	23,466	31,622	54,910	23,376	31,534	178	90	88
2012.3/4	구로구	456,694	230,425	226,269	44,605	20,205	24,400	43,932	19,903	24,029	673	302	371
2012.3/4	금천구	262,228	134,665	127,563	26,530	11,841	14,689	26,146	11,666	14,480	384	175	209
2012.3/4	영등포구	430,516	216,912	213,604	45,736	20,472	25,264	44,932	20,137	24,795	804	335	469
2012.3/4	동작구	414,415	203,669	210,746	46,515	20,513	26,002	46,335	20,436	25,899	180	77	103
2012.3/4	관악구	543,477	275,241	268,236	55,772	25,166	30,606	55,402	25,017	30,385	370	149	221
2012.3/4	서초구	441,645	213,889	227,756	41,312	18,805	22,507	41,194	18,749	22,445	118	56	62
2012.3/4	강남구	568,685	273,708	294,977	49,394	21,909	27,485	49,246	21,838	27,408	148	71	77
2012.3/4	송파구	686,472	336,055	350,417	58,142	25,642	32,500	57,997	25,578	32,419	145	64	81
2012.3/4	강동구	494,186	247,091	247,095	44,228	19,309	24,919	44,138	19,269	24,869	90	40	50
2012.4/4	합계	10,442,426	5,159,665	5,282,761	1,110,995	484,345	626,650	1,105,583	481,951	623,632	5,412	2,394	3,018
2012.4/4	종로구	173,148	85,997	87,151	23,868	10,430	13,438	23,730	10,360	13,370	138	70	68
2012.4/4	중구	140,807	70,762	70,045	18,875	8,020	10,855	18,690	7,934	10,756	185	86	99
2012.4/4	용산구	255,294	124,708	130,586	33,027	13,848	19,179	32,786	13,711	19,075	241	137	104
2012.4/4	성동구	306,868	153,272	153,596	34,180	14,736	19,444	34,056	14,689	19,367	124	47	77
2012.4/4	광진구	384,269	189,367	194,902	35,759	15,852	19,907	35,539	15,745	19,794	220	107	113
2012.4/4	동대문구	375,683	187,851	187,832	46,795	20,674	26,121	46,625	20,604	26,021	170	70	100
2012.4/4	중랑구	423,655	211,708	211,947	46,476	20,281	26,195	46,402	20,252	26,150	74	29	45
2012.4/4	성북구	490,639	241,162	249,477	58,142	25,036	33,106	58,000	24,973	33,027	142	63	79
2012.4/4	강북구	346,493	171,099	175,394	46,222	20,258	25,964	46,147	20,224	25,923	75	34	41
2012.4/4	도봉구	364,454	180,023	184,431	42,267	18,460	23,807	42,230	18,445	23,785	37	15	22
2012.4/4	노원구	600,829	293,616	307,213	61,218	24,670	36,548	61,150	24,641	36,509	68	29	39
2012.4/4	은평구	505,902	248,150	257,752	60,776	26,565	34,211	60,649	26,500	34,149	127	65	62
2012.4/4	서대문구	324,733	157,969	166,764	42,088	17,831	24,257	41,756	17,683	24,073	332	148	184
2012.4/4	마포구	393,576	190,514	203,062	44,283	18,800	25,483	44,027	18,690	25,337	256	110	146
2012.4/4	양천구	500,533	248,683	251,850	43,514	18,515	24,999	43,392	18,456	24,936	122	59	63
2012.4/4	강서구	573,794	282,185	291,609	55,821	23,859	31,962	55,641	23,767	31,874	180	92	88
2012.4/4	구로구	454,478	229,130	225,348	45,252	20,526	24,726	44,579	20,234	24,345	673	292	381
2012.4/4	금천구	260,734	133,834	126,900	26,848	11,968	14,880	26,476	11,808	14,668	372	160	212
2012.4/4	영등포구	426,876	215,084	211,792	46,237	20,726	25,511	45,417	20,398	25,019	820	328	492
2012.4/4	동작구	416,268	204,479	211,789	47,185	20,775	26,410	47,007	20,702	26,305	178	73	105
2012.4/4	관악구	540,520	273,640	266,880	56,620	25,517	31,103	56,238	25,366	30,872	382	151	231
2012.4/4	서초구	439,998	213,011	226,987	41,763	19,014	22,749	41,649	18,960	22,689	114	54	60
2012.4/4	강남구	569,997	274,124	295,873	50,348	22,374	27,974	50,206	22,308	27,898	142	66	76
2012.4/4	송파구	680,150	333,060	347,090	58,490	25,900	32,590	58,341	25,835	32,506	149	65	84
2012.4/4	강동구	492,728	246,237	246,491	44,941	19,710	25,231	44,850	19,666	25,184	91	44	47
2013.1/4	합계	10,437,737	5,155,053	5,282,684	1,130,508	493,688	636,820	1,124,282	490,897	633,385	6,226	2,791	3,435
2013.1/4	종로구	170,681	84,719	85,962	23,853	10,464	13,389	23,686	10,378	13,308	167	86	81
2013.1/4	중구	140,127	70,339	69,788	19,100	8,147	10,953	18,888	8,043	10,845	212	104	108
2013.1/4	용산구	254,749	124,300	130,449	33,404	13,998	19,406	33,137	13,846	19,291	267	152	115
2013.1/4	성동구	309,312	154,328	154,984	34,721	15,000	19,721	34,581	14,945	19,636	140	55	85
2013.1/4	광진구	383,806	188,983	194,823	36,427	16,168	20,259	36,192	16,055	20,137	235	113	122
2013.1/4	동대문구	374,958	187,614	187,344	47,493	20,949	26,544	47,298	20,868	26,430	195	81	114
2013.1/4	중랑구	422,877	211,313	211,564	47,289	20,682	26,607	47,202	20,649	26,553	87	33	54
2013.1/4	성북구	490,566	240,894	249,672	58,968	25,416	33,552	58,808	25,349	33,459	160	67	93
2013.1/4	강북구	345,850	170,629	175,221	46,923	20,580	26,343	46,835	20,539	26,296	88	41	47
2013.1/4	도봉구	363,682	179,569	184,113	43,014	18,847	24,167	42,973	18,830	24,143	41	17	24
2013.1/4	노원구	599,564	292,822	306,742	62,128	25,087	37,041	62,043	25,052	36,991	85	35	50
2013.1/4	은평구	507,644	248,863	258,781	62,014	27,042	34,972	61,862	26,969	34,893	152	73	79
2013.1/4	서대문구	326,604	158,732	167,872	42,888	18,154	24,734	42,531	17,992	24,539	357	162	195
2013.1/4	마포구	393,330	190,365	202,965	44,918	19,086	25,832	44,635	18,966	25,669	283	120	163
2013.1/4	양천구	500,181	248,503	251,678	44,407	19,011	25,396	44,264	18,944	25,320	143	67	76
2013.1/4	강서구	573,808	281,899	291,909	56,904	24,403	32,501	56,693	24,291	32,402	211	112	99
2013.1/4	구로구	454,009	228,729	225,280	46,170	20,994	25,176	45,378	20,652	24,726	792	342	450
2013.1/4	금천구	260,107	133,531	126,576	27,388	12,243	15,145	26,945	12,041	14,904	443	202	241
2013.1/4	영등포구	426,012	214,627	211,385	47,053	21,160	25,893	46,117	20,763	25,354	936	397	539
2013.1/4	동작구	419,500	206,243	213,257	48,218	21,244	26,974	48,001	21,160	26,841	217	84	133
2013.1/4	관악구	540,467	273,521	266,946	57,670	26,012	31,658	57,226	25,834	31,392	444	178	266
2013.1/4	서초구	442,600	214,105	228,495	42,723	19,446	23,277	42,596	19,386	23,210	127	60	67
2013.1/4	강남구	568,982	273,499	295,483	51,389	22,879	28,510	51,226	22,801	28,425	163	78	85
2013.1/4	송파구	676,551	331,219	345,332	59,511	26,458	33,053	59,335	26,380	32,955	176	78	98
2013.1/4	강동구	491,770	245,707	246,063	45,935	20,218	25,717	45,830	20,164	25,666	105	54	51
2013.2/4	합계	10,422,599	5,145,942	5,276,657	1,142,213	499,204	643,009	1,135,929	496,421	639,508	6,284	2,783	3,501
2013.2/4	종로구	169,294	83,937	85,357	23,857	10,458	13,399	23,696	10,375	13,321	161	83	78
2013.2/4	중구	139,699	70,098	69,601	19,233	8,217	11,016	19,021	8,111	10,910	212	106	106
2013.2/4	용산구	253,903	123,889	130,014	33,543	14,062	19,481	33,282	13,913	19,369	261	149	112
2013.2/4	성동구	308,870	153,986	154,884	35,031	15,136	19,895	34,897	15,085	19,812	134	51	83
2013.2/4	광진구	382,885	188,577	194,308	36,766	16,354	20,412	36,515	16,232	20,283	251	122	129
2013.2/4	동대문구	376,885	188,518	188,367	47,987	21,148	26,839	47,796	21,070	26,726	191	78	113
2013.2/4	중랑구	422,628	211,114	211,514	47,778	20,878	26,900	47,701	20,851	26,850	77	27	50
2013.2/4	성북구	489,369	240,241	249,128	59,573	25,666	33,907	59,415	25,601	33,814	158	65	93
2013.2/4	강북구	344,546	169,856	174,690	47,334	20,761	26,573	47,248	20,723	26,525	86	38	48
2013.2/4	도봉구	362,862	179,068	183,794	43,590	19,127	24,463	43,548	19,111	24,437	42	16	26
2013.2/4	노원구	597,405	291,770	305,635	62,601	25,298	37,303	62,514	25,262	37,252	87	36	51
2013.2/4	은평구	508,765	249,233	259,532	62,985	27,426	35,559	62,828	27,353	35,475	157	73	84
2013.2/4	서대문구	325,505	158,147	167,358	43,123	18,243	24,880	42,778	18,083	24,695	345	160	185
2013.2/4	마포구	393,175	190,197	202,978	45,137	19,195	25,942	44,861	19,079	25,782	276	116	160
2013.2/4	양천구	498,923	247,675	251,248	44,938	19,289	25,649	44,780	19,220	25,560	158	69	89
2013.2/4	강서구	574,355	281,963	292,392	57,887	24,876	33,011	57,665	24,758	32,907	222	118	104
2013.2/4	구로구	454,096	228,732	225,364	46,788	21,313	25,475	45,985	20,969	25,016	803	344	459
2013.2/4	금천구	259,769	133,418	126,351	27,711	12,403	15,308	27,276	12,211	15,065	435	192	243
2013.2/4	영등포구	425,097	214,105	210,992	47,401	21,305	26,096	46,443	20,897	25,546	958	408	550
2013.2/4	동작구	420,435	206,650	213,785	48,833	21,495	27,338	48,604	21,409	27,195	229	86	143
2013.2/4	관악구	539,132	272,818	266,314	58,333	26,344	31,989	57,868	26,165	31,703	465	179	286
2013.2/4	서초구	443,008	214,284	228,724	43,263	19,729	23,534	43,132	19,668	23,464	131	61	70
2013.2/4	강남구	567,637	272,796	294,841	51,941	23,152	28,789	51,775	23,072	28,703	166	80	86
2013.2/4	송파구	674,015	329,951	344,064	60,121	26,817	33,304	59,943	26,742	33,201	178	75	103
2013.2/4	강동구	490,341	244,919	245,422	46,459	20,512	25,947	46,358	20,461	25,897	101	51	50
2013.3/4	합계	10,413,232	5,139,376	5,273,856	1,155,660	505,672	649,988	1,149,455	502,973	646,482	6,205	2,699	3,506
2013.3/4	종로구	168,943	83,730	85,213	23,955	10,528	13,427	23,805	10,451	13,354	150	77	73
2013.3/4	중구	138,738	69,533	69,205	19,262	8,235	11,027	19,058	8,131	10,927	204	104	100
2013.3/4	용산구	252,998	123,425	129,573	33,869	14,195	19,674	33,610	14,051	19,559	259	144	115
2013.3/4	성동구	308,047	153,510	154,537	35,299	15,262	20,037	35,156	15,204	19,952	143	58	85
2013.3/4	광진구	382,807	188,373	194,434	37,221	16,562	20,659	36,975	16,444	20,531	246	118	128
2013.3/4	동대문구	377,671	188,809	188,862	48,629	21,395	27,234	48,438	21,316	27,122	191	79	112
2013.3/4	중랑구	421,860	210,689	211,171	48,365	21,179	27,186	48,295	21,156	27,139	70	23	47
2013.3/4	성북구	488,543	239,746	248,797	60,005	25,879	34,126	59,845	25,814	34,031	160	65	95
2013.3/4	강북구	343,642	169,386	174,256	47,983	21,043	26,940	47,897	21,004	26,893	86	39	47
2013.3/4	도봉구	361,909	178,564	183,345	44,016	19,329	24,687	43,976	19,313	24,663	40	16	24
2013.3/4	노원구	596,823	291,351	305,472	63,336	25,686	37,650	63,252	25,649	37,603	84	37	47
2013.3/4	은평구	508,299	248,891	259,408	63,711	27,765	35,946	63,566	27,699	35,867	145	66	79
2013.3/4	서대문구	325,431	158,000	167,431	43,507	18,429	25,078	43,167	18,278	24,889	340	151	189
2013.3/4	마포구	393,082	190,048	203,034	45,555	19,288	26,267	45,290	19,177	26,113	265	111	154
2013.3/4	양천구	497,796	247,057	250,739	45,477	19,589	25,888	45,328	19,526	25,802	149	63	86
2013.3/4	강서구	574,635	282,056	292,579	58,807	25,362	33,445	58,588	25,249	33,339	219	113	106
2013.3/4	구로구	453,123	228,201	224,922	47,535	21,697	25,838	46,727	21,361	25,366	808	336	472
2013.3/4	금천구	259,158	133,095	126,063	28,057	12,591	15,466	27,635	12,406	15,229	422	185	237
2013.3/4	영등포구	423,630	213,456	210,174	47,785	21,486	26,299	46,827	21,092	25,735	958	394	564
2013.3/4	동작구	421,534	207,238	214,296	49,453	21,771	27,682	49,225	21,687	27,538	228	84	144
2013.3/4	관악구	537,890	271,972	265,918	59,070	26,660	32,410	58,610	26,491	32,119	460	169	291
2013.3/4	서초구	443,961	214,515	229,446	43,924	20,017	23,907	43,795	19,957	23,838	129	60	69
2013.3/4	강남구	569,191	273,610	295,581	52,661	23,527	29,134	52,498	23,447	29,051	163	80	83
2013.3/4	송파구	673,859	329,621	344,238	60,953	27,251	33,702	60,771	27,174	33,597	182	77	105
2013.3/4	강동구	489,662	244,500	245,162	47,225	20,946	26,279	47,121	20,896	26,225	104	50	54
2013.4/4	합계	10,388,055	5,126,351	5,261,704	1,167,177	511,164	656,013	1,161,708	508,729	652,979	5,469	2,435	3,034
2013.4/4	종로구	167,867	83,211	84,656	23,997	10,546	13,451	23,853	10,469	13,384	144	77	67
2013.4/4	중구	137,990	69,128	68,862	19,346	8,248	11,098	19,152	8,150	11,002	194	98	96
2013.4/4	용산구	251,925	122,974	128,951	34,017	14,290	19,727	33,775	14,153	19,622	242	137	105
2013.4/4	성동구	306,571	152,809	153,762	35,421	15,342	20,079	35,296	15,291	20,005	125	51	74
2013.4/4	광진구	381,439	187,584	193,855	37,623	16,723	20,900	37,413	16,617	20,796	210	106	104
2013.4/4	동대문구	376,445	188,167	188,278	49,097	21,602	27,495	48,911	21,523	27,388	186	79	107
2013.4/4	중랑구	421,237	210,390	210,847	48,998	21,496	27,502	48,937	21,477	27,460	61	19	42
2013.4/4	성북구	485,347	238,228	247,119	60,499	26,163	34,336	60,353	26,105	34,248	146	58	88
2013.4/4	강북구	341,921	168,546	173,375	48,547	21,288	27,259	48,465	21,252	27,213	82	36	46
2013.4/4	도봉구	360,609	177,925	182,684	44,469	19,546	24,923	44,434	19,531	24,903	35	15	20
2013.4/4	노원구	594,027	289,967	304,060	63,810	25,905	37,905	63,731	25,870	37,861	79	35	44
2013.4/4	은평구	508,111	248,722	259,389	64,328	28,035	36,293	64,188	27,973	36,215	140	62	78
2013.4/4	서대문구	324,067	157,314	166,753	43,850	18,554	25,296	43,529	18,410	25,119	321	144	177
2013.4/4	마포구	391,098	188,874	202,224	45,758	19,329	26,429	45,508	19,225	26,283	250	104	146
2013.4/4	양천구	496,934	246,723	250,211	46,026	19,867	26,159	45,896	19,807	26,089	130	60	70
2013.4/4	강서구	575,236	282,287	292,949	59,530	25,756	33,774	59,330	25,651	33,679	200	105	95
2013.4/4	구로구	452,168	227,694	224,474	48,027	21,965	26,062	47,367	21,681	25,686	660	284	376
2013.4/4	금천구	258,254	132,742	125,512	28,310	12,720	15,590	27,948	12,561	15,387	362	159	203
2013.4/4	영등포구	421,577	212,417	209,160	48,065	21,621	26,444	47,258	21,288	25,970	807	333	474
2013.4/4	동작구	421,487	207,223	214,264	50,062	22,020	28,042	49,863	21,937	27,926	199	83	116
2013.4/4	관악구	535,128	270,512	264,616	59,705	26,944	32,761	59,333	26,799	32,534	372	145	227
2013.4/4	서초구	446,541	215,771	230,770	44,674	20,346	24,328	44,554	20,292	24,262	120	54	66
2013.4/4	강남구	569,152	273,583	295,569	53,461	23,933	29,528	53,300	23,853	29,447	161	80	81
2013.4/4	송파구	674,955	330,030	344,925	61,745	27,700	34,045	61,592	27,635	33,957	153	65	88
2013.4/4	강동구	487,969	243,530	244,439	47,812	21,225	26,587	47,722	21,179	26,543	90	46	44
2014.1/4	합계	10,385,494	5,122,507	5,262,987	1,183,979	519,217	664,762	1,178,004	516,439	661,565	5,975	2,778	3,197
2014.1/4	종로구	167,350	82,845	84,505	24,237	10,668	13,569	24,068	10,573	13,495	169	95	74
2014.1/4	중구	137,466	68,721	68,745	19,581	8,382	11,199	19,351	8,267	11,084	230	115	115
2014.1/4	용산구	251,651	122,882	128,769	34,357	14,452	19,905	34,083	14,296	19,787	274	156	118
2014.1/4	성동구	306,597	152,691	153,906	35,863	15,533	20,330	35,719	15,478	20,241	144	55	89
2014.1/4	광진구	381,017	187,140	193,877	38,075	16,955	21,120	37,850	16,851	20,999	225	104	121
2014.1/4	동대문구	375,709	187,701	188,008	49,664	21,843	27,821	49,469	21,755	27,714	195	88	107
2014.1/4	중랑구	422,930	211,180	211,750	49,935	21,969	27,966	49,847	21,933	27,914	88	36	52
2014.1/4	성북구	484,786	237,678	247,108	61,058	26,396	34,662	60,900	26,329	34,571	158	67	91
2014.1/4	강북구	340,418	167,685	172,733	49,173	21,552	27,621	49,082	21,515	27,567	91	37	54
2014.1/4	도봉구	359,731	177,381	182,350	45,067	19,840	25,227	45,025	19,817	25,208	42	23	19
2014.1/4	노원구	591,596	288,735	302,861	64,564	26,256	38,308	64,479	26,215	38,264	85	41	44
2014.1/4	은평구	506,560	247,845	258,715	65,080	28,356	36,724	64,928	28,289	36,639	152	67	85
2014.1/4	서대문구	324,080	157,283	166,797	44,377	18,768	25,609	44,008	18,598	25,410	369	170	199
2014.1/4	마포구	391,177	188,765	202,412	46,283	19,548	26,735	45,991	19,415	26,576	292	133	159
2014.1/4	양천구	495,761	246,048	249,713	46,710	20,229	26,481	46,576	20,164	26,412	134	65	69
2014.1/4	강서구	574,594	282,032	292,562	60,450	26,220	34,230	60,246	26,106	34,140	204	114	90
2014.1/4	구로구	454,161	228,515	225,646	49,155	22,568	26,587	48,441	22,239	26,202	714	329	385
2014.1/4	금천구	257,662	132,357	125,305	28,711	12,967	15,744	28,321	12,779	15,542	390	188	202
2014.1/4	영등포구	420,898	211,974	208,924	48,808	21,976	26,832	47,985	21,611	26,374	823	365	458
2014.1/4	동작구	421,990	207,427	214,563	50,790	22,352	28,438	50,572	22,259	28,313	218	93	125
2014.1/4	관악구	534,868	270,369	264,499	60,590	27,361	33,229	60,191	27,190	33,001	399	171	228
2014.1/4	서초구	448,263	216,444	231,819	45,422	20,676	24,746	45,285	20,619	24,666	137	57	80
2014.1/4	강남구	570,701	274,218	296,483	54,518	24,398	30,120	54,336	24,313	30,023	182	85	97
2014.1/4	송파구	678,912	331,843	347,069	63,004	28,336	34,668	62,845	28,268	34,577	159	68	91
2014.1/4	강동구	486,616	242,748	243,868	48,507	21,616	26,891	48,406	21,560	26,846	101	56	45
2014.2/4	합계	10,383,651	5,120,271	5,263,380	1,193,827	523,743	670,084	1,188,361	521,118	667,243	5,466	2,625	2,841
2014.2/4	종로구	166,665	82,355	84,310	24,265	10,685	13,580	24,093	10,587	13,506	172	98	74
2014.2/4	중구	137,122	68,506	68,616	19,640	8,428	11,212	19,415	8,316	11,099	225	112	113
2014.2/4	용산구	250,922	122,560	128,362	34,366	14,430	19,936	34,103	14,275	19,828	263	155	108
2014.2/4	성동구	306,692	152,647	154,045	36,085	15,609	20,476	35,951	15,555	20,396	134	54	80
2014.2/4	광진구	380,146	186,671	193,475	38,464	17,131	21,333	38,267	17,040	21,227	197	91	106
2014.2/4	동대문구	374,664	187,094	187,570	49,817	21,911	27,906	49,636	21,827	27,809	181	84	97
2014.2/4	중랑구	422,741	211,013	211,728	50,495	22,209	28,286	50,413	22,175	28,238	82	34	48
2014.2/4	성북구	482,095	236,367	245,728	61,316	26,497	34,819	61,170	26,432	34,738	146	65	81
2014.2/4	강북구	340,167	167,521	172,646	49,744	21,755	27,989	49,653	21,718	27,935	91	37	54
2014.2/4	도봉구	358,590	176,778	181,812	45,432	19,999	25,433	45,395	19,977	25,418	37	22	15
2014.2/4	노원구	589,878	287,745	302,133	65,087	26,533	38,554	65,012	26,498	38,514	75	35	40
2014.2/4	은평구	505,935	247,475	258,460	65,579	28,570	37,009	65,437	28,509	36,928	142	61	81
2014.2/4	서대문구	323,449	156,987	166,462	44,650	18,902	25,748	44,299	18,744	25,555	351	158	193
2014.2/4	마포구	390,712	188,447	202,265	46,424	19,572	26,852	46,146	19,439	26,707	278	133	145
2014.2/4	양천구	494,583	245,382	249,201	47,122	20,438	26,684	47,006	20,377	26,629	116	61	55
2014.2/4	강서구	577,254	283,100	294,154	61,476	26,685	34,791	61,286	26,573	34,713	190	112	78
2014.2/4	구로구	457,516	230,347	227,169	49,799	22,882	26,917	49,176	22,575	26,601	623	307	316
2014.2/4	금천구	258,532	132,764	125,768	28,934	13,049	15,885	28,584	12,877	15,707	350	172	178
2014.2/4	영등포구	423,518	213,328	210,190	49,126	22,123	27,003	48,405	21,786	26,619	721	337	384
2014.2/4	동작구	422,234	207,616	214,618	51,181	22,490	28,691	50,989	22,402	28,587	192	88	104
2014.2/4	관악구	534,617	270,231	264,386	61,198	27,645	33,553	60,830	27,479	33,351	368	166	202
2014.2/4	서초구	448,511	216,433	232,078	45,884	20,893	24,991	45,756	20,839	24,917	128	54	74
2014.2/4	강남구	574,226	275,835	298,391	55,362	24,822	30,540	55,196	24,745	30,451	166	77	89
2014.2/4	송파구	677,460	331,031	346,429	63,470	28,620	34,850	63,324	28,555	34,769	146	65	81
2014.2/4	강동구	485,422	242,038	243,384	48,911	21,865	27,046	48,819	21,818	27,001	92	47	45
2014.3/4	합계	10,386,339	5,119,324	5,267,015	1,210,141	531,429	678,712	1,204,968	528,924	676,044	5,173	2,505	2,668
2014.3/4	종로구	166,200	81,935	84,265	24,433	10,742	13,691	24,271	10,655	13,616	162	87	75
2014.3/4	중구	136,773	68,276	68,497	19,828	8,490	11,338	19,608	8,381	11,227	220	109	111
2014.3/4	용산구	249,930	122,069	127,861	34,631	14,531	20,100	34,376	14,380	19,996	255	151	104
2014.3/4	성동구	305,752	152,137	153,615	36,447	15,810	20,637	36,316	15,759	20,557	131	51	80
2014.3/4	광진구	379,408	186,044	193,364	38,786	17,275	21,511	38,603	17,186	21,417	183	89	94
2014.3/4	동대문구	375,232	187,150	188,082	50,359	22,202	28,157	50,187	22,124	28,063	172	78	94
2014.3/4	중랑구	424,054	211,625	212,429	51,451	22,659	28,792	51,375	22,626	28,749	76	33	43
2014.3/4	성북구	479,810	234,995	244,815	61,880	26,761	35,119	61,739	26,695	35,044	141	66	75
2014.3/4	강북구	339,692	167,173	172,519	50,391	21,965	28,426	50,298	21,926	28,372	93	39	54
2014.3/4	도봉구	357,298	176,151	181,147	46,005	20,303	25,702	45,973	20,284	25,689	32	19	13
2014.3/4	노원구	588,767	287,060	301,707	65,972	26,955	39,017	65,901	26,923	38,978	71	32	39
2014.3/4	은평구	504,603	246,692	257,911	66,410	28,918	37,492	66,277	28,859	37,418	133	59	74
2014.3/4	서대문구	323,560	156,781	166,779	45,093	19,056	26,037	44,755	18,907	25,848	338	149	189
2014.3/4	마포구	390,092	188,043	202,049	46,754	19,730	27,024	46,480	19,599	26,881	274	131	143
2014.3/4	양천구	491,860	243,817	248,043	47,657	20,725	26,932	47,548	20,667	26,881	109	58	51
2014.3/4	강서구	588,123	288,336	299,787	63,333	27,554	35,779	63,156	27,449	35,707	177	105	72
2014.3/4	구로구	458,226	230,806	227,420	50,571	23,254	27,317	49,982	22,957	27,025	589	297	292
2014.3/4	금천구	258,496	132,686	125,810	29,292	13,224	16,068	28,972	13,059	15,913	320	165	155
2014.3/4	영등포구	422,925	213,072	209,853	49,614	22,390	27,224	48,948	22,069	26,879	666	321	345
2014.3/4	동작구	421,304	207,143	214,161	51,858	22,811	29,047	51,673	22,724	28,949	185	87	98
2014.3/4	관악구	533,792	269,849	263,943	62,025	28,004	34,021	61,682	27,849	33,833	343	155	188
2014.3/4	서초구	452,922	218,571	234,351	46,824	21,335	25,489	46,701	21,281	25,420	123	54	69
2014.3/4	강남구	579,102	278,057	301,045	56,496	25,332	31,164	56,340	25,263	31,077	156	69	87
2014.3/4	송파구	675,021	329,828	345,193	64,363	29,146	35,217	64,226	29,088	35,138	137	58	79
2014.3/4	강동구	483,397	241,028	242,369	49,668	22,257	27,411	49,581	22,214	27,367	87	43	44
2014.4/4	합계	10,369,593	5,109,013	5,260,580	1,221,616	536,758	684,858	1,216,529	534,294	682,235	5,087	2,464	2,623
2014.4/4	종로구	165,344	81,439	83,905	24,537	10,764	13,773	24,376	10,674	13,702	161	90	71
2014.4/4	중구	136,227	67,952	68,275	19,960	8,591	11,369	19,740	8,485	11,255	220	106	114
2014.4/4	용산구	249,914	122,047	127,867	34,896	14,667	20,229	34,571	14,479	20,092	325	188	137
2014.4/4	성동구	303,891	151,149	152,742	36,684	15,959	20,725	36,564	15,909	20,655	120	50	70
2014.4/4	광진구	377,375	185,011	192,364	38,974	17,373	21,601	38,808	17,295	21,513	166	78	88
2014.4/4	동대문구	376,319	187,638	188,681	50,915	22,453	28,462	50,756	22,380	28,376	159	73	86
2014.4/4	중랑구	423,411	211,178	212,233	51,995	22,873	29,122	51,919	22,839	29,080	76	34	42
2014.4/4	성북구	475,961	233,009	242,952	62,066	26,834	35,232	61,929	26,772	35,157	137	62	75
2014.4/4	강북구	338,410	166,553	171,857	50,841	22,096	28,745	50,755	22,058	28,697	86	38	48
2014.4/4	도봉구	355,712	175,306	180,406	46,471	20,514	25,957	46,438	20,494	25,944	33	20	13
2014.4/4	노원구	586,056	285,697	300,359	66,480	27,206	39,274	66,411	27,178	39,233	69	28	41
2014.4/4	은평구	503,243	245,946	257,297	67,002	29,226	37,776	66,864	29,163	37,701	138	63	75
2014.4/4	서대문구	320,861	155,477	165,384	45,309	19,126	26,183	44,982	18,982	26,000	327	144	183
2014.4/4	마포구	395,830	190,717	205,113	47,360	19,984	27,376	47,096	19,859	27,237	264	125	139
2014.4/4	양천구	490,708	243,091	247,617	48,175	21,001	27,174	48,068	20,944	27,124	107	57	50
2014.4/4	강서구	591,653	289,841	301,812	64,287	28,003	36,284	64,117	27,903	36,214	170	100	70
2014.4/4	구로구	457,131	230,091	227,040	51,187	23,545	27,642	50,615	23,257	27,358	572	288	284
2014.4/4	금천구	258,030	132,476	125,554	29,553	13,392	16,161	29,243	13,230	16,013	310	162	148
2014.4/4	영등포구	421,436	212,261	209,175	49,829	22,473	27,356	49,184	22,163	27,021	645	310	335
2014.4/4	동작구	419,261	205,962	213,299	52,327	22,987	29,340	52,147	22,906	29,241	180	81	99
2014.4/4	관악구	531,960	268,683	263,277	62,577	28,282	34,295	62,251	28,137	34,114	326	145	181
2014.4/4	서초구	454,288	219,109	235,179	47,469	21,604	25,865	47,346	21,551	25,795	123	53	70
2014.4/4	강남구	583,446	280,082	303,364	57,444	25,737	31,707	57,291	25,668	31,623	153	69	84
2014.4/4	송파구	671,794	328,308	343,486	65,025	29,518	35,507	64,891	29,460	35,431	134	58	76
2014.4/4	강동구	481,332	239,990	241,342	50,253	22,550	27,703	50,167	22,508	27,659	86	42	44
2015.1/4	합계	10,369,067	5,106,034	5,263,033	1,239,431	545,260	694,171	1,233,528	542,329	691,199	5,903	2,931	2,972
2015.1/4	종로구	165,240	81,256	83,984	24,712	10,836	13,876	24,543	10,744	13,799	169	92	77
2015.1/4	중구	136,063	67,858	68,205	20,132	8,667	11,465	19,882	8,550	11,332	250	117	133
2015.1/4	용산구	250,003	122,096	127,907	35,359	14,921	20,438	34,960	14,681	20,279	399	240	159
2015.1/4	성동구	303,777	151,003	152,774	37,162	16,193	20,969	37,012	16,121	20,891	150	72	78
2015.1/4	광진구	377,204	184,750	192,454	39,469	17,631	21,838	39,264	17,528	21,736	205	103	102
2015.1/4	동대문구	376,329	187,486	188,843	51,559	22,761	28,798	51,373	22,677	28,696	186	84	102
2015.1/4	중랑구	422,825	210,811	212,014	52,818	23,299	29,519	52,738	23,258	29,480	80	41	39
2015.1/4	성북구	475,900	232,809	243,091	62,695	27,127	35,568	62,537	27,056	35,481	158	71	87
2015.1/4	강북구	337,996	166,245	171,751	51,531	22,359	29,172	51,429	22,315	29,114	102	44	58
2015.1/4	도봉구	355,282	174,971	180,311	47,100	20,791	26,309	47,064	20,770	26,294	36	21	15
2015.1/4	노원구	584,630	285,023	299,607	67,297	27,614	39,683	67,222	27,579	39,643	75	35	40
2015.1/4	은평구	504,165	246,293	257,872	67,939	29,668	38,271	67,788	29,597	38,191	151	71	80
2015.1/4	서대문구	319,938	154,723	165,215	45,771	19,330	26,441	45,416	19,163	26,253	355	167	188
2015.1/4	마포구	398,649	191,897	206,752	47,884	20,199	27,685	47,598	20,066	27,532	286	133	153
2015.1/4	양천구	490,745	243,126	247,619	49,027	21,453	27,574	48,895	21,376	27,519	132	77	55
2015.1/4	강서구	593,703	290,542	303,161	65,420	28,593	36,827	65,222	28,478	36,744	198	115	83
2015.1/4	구로구	457,390	230,061	227,329	52,157	24,005	28,152	51,495	23,660	27,835	662	345	317
2015.1/4	금천구	258,099	132,475	125,624	30,173	13,664	16,509	29,794	13,468	16,326	379	196	183
2015.1/4	영등포구	421,871	212,467	209,404	50,699	22,922	27,777	49,915	22,531	27,384	784	391	393
2015.1/4	동작구	419,460	205,978	213,482	53,074	23,326	29,748	52,858	23,226	29,632	216	100	116
2015.1/4	관악구	533,109	269,144	263,965	63,576	28,698	34,878	63,211	28,533	34,678	365	165	200
2015.1/4	서초구	453,564	218,520	235,044	48,066	21,862	26,204	47,933	21,806	26,127	133	56	77
2015.1/4	강남구	583,699	280,195	303,504	58,496	26,232	32,264	58,334	26,162	32,172	162	70	92
2015.1/4	송파구	672,371	328,531	343,840	66,322	30,205	36,117	66,154	30,130	36,024	168	75	93
2015.1/4	강동구	477,055	237,774	239,281	50,993	22,904	28,089	50,891	22,854	28,037	102	50	52
2015.2/4	합계	10,349,492	5,094,448	5,255,044	1,249,461	549,950	699,511	1,243,829	547,136	696,693	5,632	2,814	2,818
2015.2/4	종로구	164,291	80,814	83,477	24,746	10,863	13,883	24,584	10,775	13,809	162	88	74
2015.2/4	중구	135,200	67,337	67,863	20,183	8,701	11,482	19,947	8,588	11,359	236	113	123
2015.2/4	용산구	249,517	121,891	127,626	35,464	14,979	20,485	35,078	14,741	20,337	386	238	148
2015.2/4	성동구	305,969	152,053	153,916	37,609	16,393	21,216	37,459	16,321	21,138	150	72	78
2015.2/4	광진구	376,620	184,434	192,186	39,758	17,788	21,970	39,570	17,691	21,879	188	97	91
2015.2/4	동대문구	375,254	186,842	188,412	51,819	22,923	28,896	51,636	22,838	28,798	183	85	98
2015.2/4	중랑구	422,597	210,523	212,074	53,343	23,546	29,797	53,263	23,504	29,759	80	42	38
2015.2/4	성북구	473,642	231,590	242,052	62,839	27,172	35,667	62,686	27,108	35,578	153	64	89
2015.2/4	강북구	336,981	165,671	171,310	51,920	22,535	29,385	51,821	22,492	29,329	99	43	56
2015.2/4	도봉구	355,256	174,842	180,414	47,659	21,045	26,614	47,622	21,023	26,599	37	22	15
2015.2/4	노원구	582,799	284,084	298,715	67,936	27,921	40,015	67,867	27,889	39,978	69	32	37
2015.2/4	은평구	504,055	246,172	257,883	68,726	29,999	38,727	68,579	29,930	38,649	147	69	78
2015.2/4	서대문구	318,206	153,954	164,252	45,967	19,392	26,575	45,611	19,227	26,384	356	165	191
2015.2/4	마포구	400,367	192,438	207,929	48,293	20,353	27,940	48,019	20,228	27,791	274	125	149
2015.2/4	양천구	490,276	242,911	247,365	49,580	21,780	27,800	49,456	21,709	27,747	124	71	53
2015.2/4	강서구	595,148	291,037	304,111	66,463	29,092	37,371	66,274	28,980	37,294	189	112	77
2015.2/4	구로구	457,560	230,026	227,534	52,709	24,231	28,478	52,074	23,903	28,171	635	328	307
2015.2/4	금천구	258,462	132,704	125,758	30,519	13,828	16,691	30,160	13,640	16,520	359	188	171
2015.2/4	영등포구	421,351	212,161	209,190	50,982	23,017	27,965	50,256	22,648	27,608	726	369	357
2015.2/4	동작구	418,520	205,312	213,208	53,326	23,435	29,891	53,119	23,334	29,785	207	101	106
2015.2/4	관악구	531,912	268,513	263,399	64,019	28,910	35,109	63,681	28,758	34,923	338	152	186
2015.2/4	서초구	451,697	217,490	234,207	48,428	21,973	26,455	48,300	21,919	26,381	128	54	74
2015.2/4	강남구	581,256	278,933	302,323	58,913	26,404	32,509	58,763	26,340	32,423	150	64	86
2015.2/4	송파구	671,984	328,282	343,702	67,076	30,624	36,452	66,918	30,553	36,365	158	71	87
2015.2/4	강동구	470,572	234,434	236,138	51,184	23,046	28,138	51,086	22,997	28,089	98	49	49
2015.3/4	합계	10,331,847	5,083,068	5,248,779	1,258,944	554,424	704,520	1,253,588	551,769	701,819	5,356	2,655	2,701
2015.3/4	종로구	164,499	80,796	83,703	24,830	10,884	13,946	24,684	10,802	13,882	146	82	64
2015.3/4	중구	134,828	67,043	67,785	20,239	8,743	11,496	20,011	8,636	11,375	228	107	121
2015.3/4	용산구	248,859	121,475	127,384	35,606	15,023	20,583	35,231	14,795	20,436	375	228	147
2015.3/4	성동구	306,384	152,132	154,252	37,908	16,496	21,412	37,770	16,428	21,342	138	68	70
2015.3/4	광진구	375,951	183,927	192,024	40,035	17,918	22,117	39,860	17,830	22,030	175	88	87
2015.3/4	동대문구	374,823	186,466	188,357	52,148	23,083	29,065	51,980	23,007	28,973	168	76	92
2015.3/4	중랑구	420,151	209,204	210,947	53,607	23,692	29,915	53,531	23,653	29,878	76	39	37
2015.3/4	성북구	472,309	230,727	241,582	63,108	27,276	35,832	62,960	27,216	35,744	148	60	88
2015.3/4	강북구	335,853	165,058	170,795	52,318	22,655	29,663	52,223	22,613	29,610	95	42	53
2015.3/4	도봉구	354,454	174,421	180,033	48,175	21,332	26,843	48,139	21,312	26,827	36	20	16
2015.3/4	노원구	581,088	283,034	298,054	68,436	28,169	40,267	68,369	28,138	40,231	67	31	36
2015.3/4	은평구	504,345	246,025	258,320	69,265	30,226	39,039	69,118	30,159	38,959	147	67	80
2015.3/4	서대문구	317,983	153,651	164,332	46,211	19,506	26,705	45,859	19,343	26,516	352	163	189
2015.3/4	마포구	400,596	192,299	208,297	48,484	20,439	28,045	48,225	20,320	27,905	259	119	140
2015.3/4	양천구	489,788	242,540	247,248	50,057	22,048	28,009	49,937	21,980	27,957	120	68	52
2015.3/4	강서구	596,319	291,675	304,644	67,267	29,464	37,803	67,089	29,358	37,731	178	106	72
2015.3/4	구로구	456,547	229,391	227,156	53,204	24,486	28,718	52,608	24,179	28,429	596	307	289
2015.3/4	금천구	257,954	132,366	125,588	30,869	14,000	16,869	30,522	13,824	16,698	347	176	171
2015.3/4	영등포구	420,449	211,704	208,745	51,274	23,146	28,128	50,582	22,799	27,783	692	347	345
2015.3/4	동작구	415,598	203,736	211,862	53,444	23,476	29,968	53,250	23,381	29,869	194	95	99
2015.3/4	관악구	531,145	268,013	263,132	64,543	29,121	35,422	64,218	28,974	35,244	325	147	178
2015.3/4	서초구	452,488	217,786	234,702	49,051	22,267	26,784	48,938	22,223	26,715	113	44	69
2015.3/4	강남구	582,109	279,485	302,624	59,587	26,731	32,856	59,442	26,667	32,775	145	64	81
2015.3/4	송파구	670,489	327,589	342,900	67,709	30,956	36,753	67,566	30,891	36,675	143	65	78
2015.3/4	강동구	466,838	232,525	234,313	51,569	23,287	28,282	51,476	23,241	28,235	93	46	47
2015.4/4	합계	10,297,138	5,063,550	5,233,588	1,267,563	558,202	709,361	1,262,436	555,660	706,776	5,127	2,542	2,585
2015.4/4	종로구	163,822	80,531	83,291	24,892	10,909	13,983	24,752	10,829	13,923	140	80	60
2015.4/4	중구	134,329	66,755	67,574	20,302	8,765	11,537	20,081	8,663	11,418	221	102	119
2015.4/4	용산구	247,909	121,027	126,882	35,715	15,059	20,656	35,352	14,837	20,515	363	222	141
2015.4/4	성동구	305,065	151,459	153,606	38,164	16,608	21,556	38,025	16,540	21,485	139	68	71
2015.4/4	광진구	375,180	183,436	191,744	40,368	18,046	22,322	40,205	17,964	22,241	163	82	81
2015.4/4	동대문구	373,824	185,827	187,997	52,490	23,266	29,224	52,331	23,191	29,140	159	75	84
2015.4/4	중랑구	418,620	208,393	210,227	54,095	23,932	30,163	54,021	23,895	30,126	74	37	37
2015.4/4	성북구	469,560	229,183	240,377	63,281	27,321	35,960	63,132	27,258	35,874	149	63	86
2015.4/4	강북구	334,426	164,337	170,089	52,598	22,760	29,838	52,503	22,719	29,784	95	41	54
2015.4/4	도봉구	353,241	173,804	179,437	48,590	21,509	27,081	48,553	21,488	27,065	37	21	16
2015.4/4	노원구	578,221	281,538	296,683	68,909	28,412	40,497	68,843	28,380	40,463	66	32	34
2015.4/4	은평구	502,578	244,964	257,614	69,753	30,394	39,359	69,610	30,326	39,284	143	68	75
2015.4/4	서대문구	323,105	156,130	166,975	46,758	19,736	27,022	46,417	19,581	26,836	341	155	186
2015.4/4	마포구	398,351	190,957	207,394	48,598	20,397	28,201	48,348	20,284	28,064	250	113	137
2015.4/4	양천구	489,010	242,074	246,936	50,398	22,227	28,171	50,282	22,161	28,121	116	66	50
2015.4/4	강서구	595,691	291,216	304,475	67,950	29,797	38,153	67,792	29,702	38,090	158	95	63
2015.4/4	구로구	454,604	228,201	226,403	53,719	24,736	28,983	53,146	24,439	28,707	573	297	276
2015.4/4	금천구	256,167	131,346	124,821	31,070	14,102	16,968	30,745	13,939	16,806	325	163	162
2015.4/4	영등포구	417,811	210,388	207,423	51,481	23,216	28,265	50,839	22,899	27,940	642	317	325
2015.4/4	동작구	412,774	202,165	210,609	53,610	23,575	30,035	53,425	23,480	29,945	185	95	90
2015.4/4	관악구	529,031	266,773	262,258	64,985	29,295	35,690	64,677	29,158	35,519	308	137	171
2015.4/4	서초구	451,258	217,036	234,222	49,280	22,390	26,890	49,171	22,348	26,823	109	42	67
2015.4/4	강남구	581,760	279,209	302,551	60,330	27,083	33,247	60,191	27,022	33,169	139	61	78
2015.4/4	송파구	667,480	325,950	341,530	68,292	31,215	37,077	68,147	31,150	36,997	145	65	80
2015.4/4	강동구	463,321	230,851	232,470	51,935	23,452	28,483	51,848	23,407	28,441	87	45	42
2016.1/4	합계	10,282,821	5,053,675	5,229,146	1,280,268	564,129	716,139	1,274,296	561,136	713,160	5,972	2,993	2,979
2016.1/4	종로구	163,993	80,548	83,445	24,999	10,957	14,042	24,844	10,869	13,975	155	88	67
2016.1/4	중구	134,436	66,747	67,689	20,431	8,841	11,590	20,181	8,724	11,457	250	117	133
2016.1/4	용산구	247,297	120,607	126,690	35,912	15,138	20,774	35,492	14,884	20,608	420	254	166
2016.1/4	성동구	304,565	151,019	153,546	38,559	16,771	21,788	38,392	16,685	21,707	167	86	81
2016.1/4	광진구	374,798	182,951	191,847	40,764	18,191	22,573	40,570	18,095	22,475	194	96	98
2016.1/4	동대문구	373,657	185,627	188,030	52,965	23,435	29,530	52,779	23,350	29,429	186	85	101
2016.1/4	중랑구	418,341	208,235	210,106	54,687	24,211	30,476	54,597	24,169	30,428	90	42	48
2016.1/4	성북구	468,699	228,530	240,169	63,782	27,524	36,258	63,616	27,454	36,162	166	70	96
2016.1/4	강북구	333,615	163,819	169,796	53,023	22,962	30,061	52,921	22,914	30,007	102	48	54
2016.1/4	도봉구	352,521	173,342	179,179	49,161	21,765	27,396	49,115	21,741	27,374	46	24	22
2016.1/4	노원구	577,805	281,431	296,374	69,578	28,734	40,844	69,505	28,700	40,805	73	34	39
2016.1/4	은평구	501,242	244,103	257,139	70,311	30,597	39,714	70,141	30,517	39,624	170	80	90
2016.1/4	서대문구	326,746	157,763	168,983	47,319	19,997	27,322	46,961	19,828	27,133	358	169	189
2016.1/4	마포구	397,575	190,413	207,162	48,908	20,495	28,413	48,629	20,360	28,269	279	135	144
2016.1/4	양천구	487,368	241,190	246,178	50,905	22,492	28,413	50,774	22,421	28,353	131	71	60
2016.1/4	강서구	597,473	291,883	305,590	68,935	30,287	38,648	68,739	30,162	38,577	196	125	71
2016.1/4	구로구	454,252	227,913	226,339	54,405	25,043	29,362	53,724	24,694	29,030	681	349	332
2016.1/4	금천구	255,274	130,794	124,480	31,449	14,314	17,135	31,071	14,116	16,955	378	198	180
2016.1/4	영등포구	417,209	209,941	207,268	52,030	23,527	28,503	51,240	23,132	28,108	790	395	395
2016.1/4	동작구	413,282	202,397	210,885	54,222	23,831	30,391	54,006	23,720	30,286	216	111	105
2016.1/4	관악구	530,072	267,390	262,682	65,772	29,688	36,084	65,407	29,520	35,887	365	168	197
2016.1/4	서초구	450,085	216,403	233,682	49,805	22,628	27,177	49,680	22,580	27,100	125	48	77
2016.1/4	강남구	578,862	277,575	301,287	60,958	27,405	33,553	60,807	27,339	33,468	151	66	85
2016.1/4	송파구	663,904	324,076	339,828	68,987	31,589	37,398	68,812	31,512	37,300	175	77	98
2016.1/4	강동구	459,750	228,978	230,772	52,401	23,707	28,694	52,293	23,650	28,643	108	57	51
2016.2/4	합계	10,260,972	5,040,526	5,220,446	1,286,288	566,655	719,633	1,280,784	563,835	716,949	5,504	2,820	2,684
2016.2/4	종로구	163,235	80,127	83,108	25,009	10,923	14,086	24,863	10,839	14,024	146	84	62
2016.2/4	중구	134,175	66,582	67,593	20,434	8,867	11,567	20,206	8,752	11,454	228	115	113
2016.2/4	용산구	246,934	120,512	126,422	35,990	15,179	20,811	35,596	14,935	20,661	394	244	150
2016.2/4	성동구	305,525	151,449	154,076	38,739	16,842	21,897	38,590	16,757	21,833	149	85	64
2016.2/4	광진구	374,053	182,418	191,635	40,990	18,271	22,719	40,817	18,180	22,637	173	91	82
2016.2/4	동대문구	372,214	184,750	187,464	53,140	23,534	29,606	52,965	23,453	29,512	175	81	94
2016.2/4	중랑구	418,134	208,143	209,991	55,133	24,394	30,739	55,053	24,358	30,695	80	36	44
2016.2/4	성북구	467,142	227,567	239,575	63,899	27,548	36,351	63,743	27,480	36,263	156	68	88
2016.2/4	강북구	332,737	163,273	169,464	53,248	23,010	30,238	53,155	22,965	30,190	93	45	48
2016.2/4	도봉구	352,164	173,132	179,032	49,576	21,933	27,643	49,531	21,910	27,621	45	23	22
2016.2/4	노원구	576,782	280,787	295,995	70,065	28,919	41,146	69,991	28,884	41,107	74	35	39
2016.2/4	은평구	499,850	243,290	256,560	70,590	30,707	39,883	70,423	30,627	39,796	167	80	87
2016.2/4	서대문구	327,113	157,694	169,419	47,411	20,011	27,400	47,054	19,840	27,214	357	171	186
2016.2/4	마포구	395,687	189,332	206,355	48,584	20,368	28,216	48,318	20,239	28,079	266	129	137
2016.2/4	양천구	486,258	240,489	245,769	51,278	22,655	28,623	51,154	22,588	28,566	124	67	57
2016.2/4	강서구	598,190	292,094	306,096	69,551	30,559	38,992	69,364	30,441	38,923	187	118	69
2016.2/4	구로구	453,526	227,382	226,144	54,863	25,239	29,624	54,242	24,917	29,325	621	322	299
2016.2/4	금천구	254,662	130,461	124,201	31,704	14,436	17,268	31,369	14,263	17,106	335	173	162
2016.2/4	영등포구	414,901	208,870	206,031	52,078	23,558	28,520	51,343	23,186	28,157	735	372	363
2016.2/4	동작구	413,969	202,553	211,416	54,580	23,960	30,620	54,383	23,860	30,523	197	100	97
2016.2/4	관악구	529,254	266,960	262,294	66,031	29,798	36,233	65,704	29,642	36,062	327	156	171
2016.2/4	서초구	450,005	216,309	233,696	50,125	22,794	27,331	50,028	22,751	27,277	97	43	54
2016.2/4	강남구	576,413	276,311	300,102	61,178	27,495	33,683	61,047	27,432	33,615	131	63	68
2016.2/4	송파구	662,605	323,355	339,250	69,519	31,856	37,663	69,363	31,784	37,579	156	72	84
2016.2/4	강동구	455,444	226,686	228,758	52,573	23,799	28,774	52,482	23,752	28,730	91	47	44
2016.3/4	합계	10,236,408	5,025,843	5,210,565	1,293,335	569,805	723,530	1,288,162	567,112	721,050	5,173	2,693	2,480
2016.3/4	종로구	162,957	79,838	83,119	25,040	10,934	14,106	24,890	10,848	14,042	150	86	64
2016.3/4	중구	134,463	66,701	67,762	20,538	8,926	11,612	20,316	8,811	11,505	222	115	107
2016.3/4	용산구	246,317	120,244	126,073	35,998	15,183	20,815	35,622	14,945	20,677	376	238	138
2016.3/4	성동구	305,506	151,346	154,160	38,931	16,918	22,013	38,802	16,842	21,960	129	76	53
2016.3/4	광진구	373,680	182,184	191,496	41,243	18,371	22,872	41,080	18,286	22,794	163	85	78
2016.3/4	동대문구	371,253	184,089	187,164	53,247	23,585	29,662	53,086	23,507	29,579	161	78	83
2016.3/4	중랑구	416,887	207,523	209,364	55,494	24,550	30,944	55,417	24,515	30,902	77	35	42
2016.3/4	성북구	464,505	226,082	238,423	63,942	27,539	36,403	63,795	27,474	36,321	147	65	82
2016.3/4	강북구	332,116	162,917	169,199	53,710	23,180	30,530	53,622	23,138	30,484	88	42	46
2016.3/4	도봉구	351,253	172,546	178,707	50,033	22,124	27,909	49,990	22,102	27,888	43	22	21
2016.3/4	노원구	574,498	279,512	294,986	70,442	29,066	41,376	70,374	29,034	41,340	68	32	36
2016.3/4	은평구	498,514	242,447	256,067	71,016	30,890	40,126	70,858	30,814	40,044	158	76	82
2016.3/4	서대문구	326,359	156,959	169,400	47,507	20,072	27,435	47,148	19,897	27,251	359	175	184
2016.3/4	마포구	393,766	188,288	205,478	48,485	20,335	28,150	48,234	20,210	28,024	251	125	126
2016.3/4	양천구	485,505	239,986	245,519	51,789	22,925	28,864	51,668	22,857	28,811	121	68	53
2016.3/4	강서구	599,611	292,646	306,965	70,183	30,850	39,333	70,010	30,741	39,269	173	109	64
2016.3/4	구로구	451,754	226,492	225,262	55,265	25,404	29,861	54,690	25,109	29,581	575	295	280
2016.3/4	금천구	253,667	129,931	123,736	31,983	14,546	17,437	31,670	14,383	17,287	313	163	150
2016.3/4	영등포구	410,757	206,795	203,962	51,978	23,523	28,455	51,297	23,175	28,122	681	348	333
2016.3/4	동작구	414,261	202,623	211,638	54,953	24,100	30,853	54,770	24,006	30,764	183	94	89
2016.3/4	관악구	528,187	266,531	261,656	66,492	30,024	36,468	66,180	29,873	36,307	312	151	161
2016.3/4	서초구	450,906	216,647	234,259	50,533	22,991	27,542	50,453	22,953	27,500	80	38	42
2016.3/4	강남구	574,974	275,494	299,480	61,464	27,662	33,802	61,349	27,600	33,749	115	62	53
2016.3/4	송파구	662,413	323,007	339,406	70,208	32,178	38,030	70,062	32,106	37,956	146	72	74
2016.3/4	강동구	452,299	225,015	227,284	52,861	23,929	28,932	52,779	23,886	28,893	82	43	39
2016.4/4	합계	10,204,057	5,007,379	5,196,678	1,300,877	573,091	727,786	1,295,899	570,490	725,409	4,978	2,601	2,377
2016.4/4	종로구	161,922	79,322	82,600	25,091	10,979	14,112	24,950	10,895	14,055	141	84	57
2016.4/4	중구	134,409	66,452	67,957	20,606	8,965	11,641	20,388	8,852	11,536	218	113	105
2016.4/4	용산구	245,102	119,636	125,466	35,915	15,100	20,815	35,547	14,866	20,681	368	234	134
2016.4/4	성동구	307,161	152,006	155,155	39,262	17,074	22,188	39,140	17,005	22,135	122	69	53
2016.4/4	광진구	372,104	181,251	190,853	41,441	18,421	23,020	41,292	18,345	22,947	149	76	73
2016.4/4	동대문구	370,312	183,444	186,868	53,460	23,661	29,799	53,301	23,581	29,720	159	80	79
2016.4/4	중랑구	415,677	206,772	208,905	55,914	24,736	31,178	55,842	24,702	31,140	72	34	38
2016.4/4	성북구	461,617	224,504	237,113	64,015	27,555	36,460	63,878	27,492	36,386	137	63	74
2016.4/4	강북구	330,704	162,211	168,493	54,053	23,318	30,735	53,964	23,273	30,691	89	45	44
2016.4/4	도봉구	350,272	172,006	178,266	50,510	22,340	28,170	50,466	22,318	28,148	44	22	22
2016.4/4	노원구	571,212	277,866	293,346	70,887	29,295	41,592	70,819	29,263	41,556	68	32	36
2016.4/4	은평구	495,937	241,048	254,889	71,457	31,025	40,432	71,304	30,951	40,353	153	74	79
2016.4/4	서대문구	325,871	156,597	169,274	47,653	20,125	27,528	47,303	19,954	27,349	350	171	179
2016.4/4	마포구	390,887	186,668	204,219	48,303	20,257	28,046	48,060	20,136	27,924	243	121	122
2016.4/4	양천구	481,845	238,163	243,682	52,063	23,071	28,992	51,957	23,011	28,946	106	60	46
2016.4/4	강서구	602,104	293,734	308,370	71,062	31,242	39,820	70,889	31,137	39,752	173	105	68
2016.4/4	구로구	449,600	225,411	224,189	55,705	25,652	30,053	55,159	25,369	29,790	546	283	263
2016.4/4	금천구	254,654	130,429	124,225	32,279	14,699	17,580	31,976	14,540	17,436	303	159	144
2016.4/4	영등포구	406,779	204,712	202,067	51,844	23,411	28,433	51,186	23,073	28,113	658	338	320
2016.4/4	동작구	413,247	201,842	211,405	55,231	24,201	31,030	55,052	24,107	30,945	179	94	85
2016.4/4	관악구	525,607	265,034	260,573	66,952	30,150	36,802	66,659	30,013	36,646	293	137	156
2016.4/4	서초구	451,477	216,886	234,591	50,984	23,196	27,788	50,906	23,158	27,748	78	38	40
2016.4/4	강남구	572,140	274,217	297,923	61,931	27,906	34,025	61,822	27,849	33,973	109	57	52
2016.4/4	송파구	664,946	324,087	340,859	71,064	32,601	38,463	70,918	32,529	38,389	146	72	74
2016.4/4	강동구	448,471	223,081	225,390	53,195	24,111	29,084	53,121	24,071	29,050	74	40	34
2017.1/4	합계	10,197,604	5,000,005	5,197,599	1,321,458	582,409	739,049	1,315,717	579,415	736,302	5,741	2,994	2,747
2017.1/4	종로구	162,820	79,675	83,145	25,425	11,120	14,305	25,271	11,034	14,237	154	86	68
2017.1/4	중구	133,240	65,790	67,450	20,764	9,065	11,699	20,519	8,934	11,585	245	131	114
2017.1/4	용산구	244,203	119,132	125,071	36,231	15,227	21,004	35,807	14,963	20,844	424	264	160
2017.1/4	성동구	311,244	153,768	157,476	39,997	17,378	22,619	39,856	17,297	22,559	141	81	60
2017.1/4	광진구	372,164	180,992	191,172	42,214	18,772	23,442	42,035	18,675	23,360	179	97	82
2017.1/4	동대문구	369,496	182,932	186,564	54,173	23,963	30,210	53,986	23,873	30,113	187	90	97
2017.1/4	중랑구	414,503	206,102	208,401	56,774	25,117	31,657	56,682	25,072	31,610	92	45	47
2017.1/4	성북구	461,260	224,076	237,184	64,692	27,900	36,792	64,547	27,832	36,715	145	68	77
2017.1/4	강북구	330,192	161,686	168,506	54,813	23,623	31,190	54,716	23,578	31,138	97	45	52
2017.1/4	도봉구	348,646	171,026	177,620	51,312	22,693	28,619	51,261	22,669	28,592	51	24	27
2017.1/4	노원구	569,384	276,823	292,561	71,941	29,760	42,181	71,862	29,721	42,141	79	39	40
2017.1/4	은평구	494,388	240,220	254,168	72,334	31,397	40,937	72,160	31,311	40,849	174	86	88
2017.1/4	서대문구	327,163	156,765	170,398	48,161	20,289	27,872	47,771	20,103	27,668	390	186	204
2017.1/4	마포구	389,649	185,889	203,760	48,765	20,507	28,258	48,492	20,369	28,123	273	138	135
2017.1/4	양천구	479,978	237,117	242,861	52,975	23,547	29,428	52,860	23,477	29,383	115	70	45
2017.1/4	강서구	603,772	294,433	309,339	72,548	31,961	40,587	72,347	31,841	40,506	201	120	81
2017.1/4	구로구	447,874	224,436	223,438	56,833	26,183	30,650	56,192	25,843	30,349	641	340	301
2017.1/4	금천구	255,082	130,558	124,524	32,970	15,014	17,956	32,607	14,823	17,784	363	191	172
2017.1/4	영등포구	402,985	202,573	200,412	52,413	23,634	28,779	51,644	23,236	28,408	769	398	371
2017.1/4	동작구	412,520	201,217	211,303	56,013	24,458	31,555	55,806	24,355	31,451	207	103	104
2017.1/4	관악구	525,515	264,763	260,752	68,082	30,694	37,388	67,737	30,536	37,201	345	158	187
2017.1/4	서초구	450,310	216,264	234,046	51,733	23,501	28,232	51,638	23,456	28,182	95	45	50
2017.1/4	강남구	570,500	273,301	297,199	63,167	28,515	34,652	63,046	28,453	34,593	121	62	59
2017.1/4	송파구	667,483	325,040	342,443	72,506	33,299	39,207	72,343	33,220	39,123	163	79	84
2017.1/4	강동구	453,233	225,427	227,806	54,622	24,792	29,830	54,532	24,744	29,788	90	48	42
2017.2/4	합계	10,178,395	4,988,267	5,190,128	1,339,211	590,330	748,881	1,333,704	587,450	746,254	5,507	2,880	2,627
2017.2/4	종로구	163,521	79,905	83,616	25,745	11,231	14,514	25,593	11,145	14,448	152	86	66
2017.2/4	중구	132,838	65,445	67,393	20,974	9,140	11,834	20,731	9,013	11,718	243	127	116
2017.2/4	용산구	243,406	118,830	124,576	36,511	15,340	21,171	36,097	15,081	21,016	414	259	155
2017.2/4	성동구	311,831	153,799	158,032	40,480	17,590	22,890	40,355	17,517	22,838	125	73	52
2017.2/4	광진구	371,728	180,712	191,016	42,876	19,060	23,816	42,706	18,966	23,740	170	94	76
2017.2/4	동대문구	368,050	182,252	185,798	54,816	24,200	30,616	54,634	24,114	30,520	182	86	96
2017.2/4	중랑구	414,783	206,128	208,655	57,827	25,591	32,236	57,744	25,548	32,196	83	43	40
2017.2/4	성북구	459,276	223,155	236,121	65,355	28,208	37,147	65,219	28,145	37,074	136	63	73
2017.2/4	강북구	330,004	161,387	168,617	55,505	23,900	31,605	55,408	23,856	31,552	97	44	53
2017.2/4	도봉구	347,941	170,563	177,378	52,174	23,065	29,109	52,127	23,043	29,084	47	22	25
2017.2/4	노원구	566,411	275,299	291,112	73,010	30,264	42,746	72,937	30,230	42,707	73	34	39
2017.2/4	은평구	492,835	239,289	253,546	73,136	31,709	41,427	72,968	31,624	41,344	168	85	83
2017.2/4	서대문구	326,412	156,412	170,000	48,554	20,480	28,074	48,178	20,300	27,878	376	180	196
2017.2/4	마포구	388,574	185,105	203,469	49,200	20,657	28,543	48,935	20,524	28,411	265	133	132
2017.2/4	양천구	478,119	236,014	242,105	53,838	23,985	29,853	53,730	23,922	29,808	108	63	45
2017.2/4	강서구	606,823	295,845	310,978	73,981	32,619	41,362	73,782	32,498	41,284	199	121	78
2017.2/4	구로구	445,770	223,402	222,368	57,560	26,573	30,987	56,956	26,243	30,713	604	330	274
2017.2/4	금천구	254,711	130,392	124,319	33,457	15,215	18,242	33,114	15,039	18,075	343	176	167
2017.2/4	영등포구	402,967	202,648	200,319	53,088	23,979	29,109	52,356	23,600	28,756	732	379	353
2017.2/4	동작구	411,217	200,316	210,901	56,544	24,669	31,875	56,347	24,569	31,778	197	100	97
2017.2/4	관악구	523,859	263,812	260,047	68,908	30,994	37,914	68,572	30,840	37,732	336	154	182
2017.2/4	서초구	447,936	214,922	233,014	52,138	23,686	28,452	52,043	23,638	28,405	95	48	47
2017.2/4	강남구	568,425	272,319	296,106	63,975	28,873	35,102	63,856	28,813	35,043	119	60	59
2017.2/4	송파구	667,898	325,075	342,823	73,905	33,993	39,912	73,746	33,915	39,831	159	78	81
2017.2/4	강동구	453,060	225,241	227,819	55,654	25,309	30,345	55,570	25,267	30,303	84	42	42
2017.3/4	합계	10,158,411	4,975,437	5,182,974	1,353,486	597,078	756,408	1,348,123	594,278	753,845	5,363	2,800	2,563
2017.3/4	종로구	164,640	80,173	84,467	26,034	11,375	14,659	25,882	11,291	14,591	152	84	68
2017.3/4	중구	134,174	66,064	68,110	21,249	9,268	11,981	21,012	9,142	11,870	237	126	111
2017.3/4	용산구	243,922	119,056	124,866	36,727	15,430	21,297	36,321	15,175	21,146	406	255	151
2017.3/4	성동구	312,933	154,253	158,680	40,902	17,804	23,098	40,781	17,732	23,049	121	72	49
2017.3/4	광진구	372,414	180,737	191,677	43,579	19,406	24,173	43,416	19,317	24,099	163	89	74
2017.3/4	동대문구	367,769	182,000	185,769	55,287	24,456	30,831	55,109	24,372	30,737	178	84	94
2017.3/4	중랑구	414,554	206,011	208,543	58,675	26,043	32,632	58,597	26,003	32,594	78	40	38
2017.3/4	성북구	458,261	222,474	235,787	65,937	28,434	37,503	65,808	28,372	37,436	129	62	67
2017.3/4	강북구	329,042	160,842	168,200	56,078	24,142	31,936	55,982	24,099	31,883	96	43	53
2017.3/4	도봉구	347,338	170,134	177,204	52,909	23,432	29,477	52,863	23,410	29,453	46	22	24
2017.3/4	노원구	562,278	273,212	289,066	73,588	30,564	43,024	73,520	30,533	42,987	68	31	37
2017.3/4	은평구	491,899	238,733	253,166	73,850	32,063	41,787	73,687	31,981	41,706	163	82	81
2017.3/4	서대문구	326,479	156,070	170,409	48,985	20,717	28,268	48,610	20,540	28,070	375	177	198
2017.3/4	마포구	387,776	184,480	203,296	49,436	20,749	28,687	49,174	20,618	28,556	262	131	131
2017.3/4	양천구	476,627	235,246	241,381	54,598	24,322	30,276	54,492	24,262	30,230	106	60	46
2017.3/4	강서구	607,877	296,157	311,720	75,046	33,126	41,920	74,850	33,011	41,839	196	115	81
2017.3/4	구로구	443,288	222,088	221,200	58,260	26,881	31,379	57,672	26,561	31,111	588	320	268
2017.3/4	금천구	253,646	129,741	123,905	33,818	15,391	18,427	33,477	15,216	18,261	341	175	166
2017.3/4	영등포구	401,908	202,137	199,771	53,620	24,198	29,422	52,910	23,830	29,080	710	368	342
2017.3/4	동작구	410,703	199,978	210,725	56,902	24,839	32,063	56,714	24,742	31,972	188	97	91
2017.3/4	관악구	522,849	263,162	259,687	69,486	31,290	38,196	69,163	31,140	38,023	323	150	173
2017.3/4	서초구	447,177	214,389	232,788	52,738	23,939	28,799	52,647	23,892	28,755	91	47	44
2017.3/4	강남구	565,731	271,093	294,638	64,579	29,131	35,448	64,467	29,078	35,389	112	53	59
2017.3/4	송파구	668,366	325,253	343,113	75,301	34,660	40,641	75,151	34,585	40,566	150	75	75
2017.3/4	강동구	446,760	221,954	224,806	55,902	25,418	30,484	55,818	25,376	30,442	84	42	42
2017.4/4	합계	10,124,579	4,957,857	5,166,722	1,365,126	602,107	763,019	1,359,901	599,378	760,523	5,225	2,729	2,496
2017.4/4	종로구	164,257	80,094	84,163	26,182	11,441	14,741	26,030	11,356	14,674	152	85	67
2017.4/4	중구	134,593	66,337	68,256	21,384	9,332	12,052	21,148	9,206	11,942	236	126	110
2017.4/4	용산구	244,444	119,423	125,021	36,882	15,489	21,393	36,488	15,245	21,243	394	244	150
2017.4/4	성동구	312,711	154,077	158,634	41,273	17,972	23,301	41,152	17,900	23,252	121	72	49
2017.4/4	광진구	372,298	180,645	191,653	43,953	19,565	24,388	43,790	19,479	24,311	163	86	77
2017.4/4	동대문구	366,011	181,185	184,826	55,718	24,655	31,063	55,547	24,574	30,973	171	81	90
2017.4/4	중랑구	412,780	205,125	207,655	59,262	26,316	32,946	59,189	26,280	32,909	73	36	37
2017.4/4	성북구	455,407	221,103	234,304	66,251	28,574	37,677	66,121	28,511	37,610	130	63	67
2017.4/4	강북구	328,002	160,252	167,750	56,530	24,311	32,219	56,437	24,268	32,169	93	43	50
2017.4/4	도봉구	346,234	169,553	176,681	53,488	23,688	29,800	53,445	23,666	29,779	43	22	21
2017.4/4	노원구	558,075	271,025	287,050	74,243	30,827	43,416	74,178	30,799	43,379	65	28	37
2017.4/4	은평구	491,202	238,223	252,979	74,559	32,323	42,236	74,400	32,245	42,155	159	78	81
2017.4/4	서대문구	325,028	155,250	169,778	49,266	20,776	28,490	48,898	20,600	28,298	368	176	192
2017.4/4	마포구	385,783	183,248	202,535	49,615	20,806	28,809	49,356	20,677	28,679	259	129	130
2017.4/4	양천구	475,018	234,279	240,739	55,234	24,641	30,593	55,136	24,585	30,551	98	56	42
2017.4/4	강서구	608,255	296,175	312,080	76,032	33,539	42,493	75,845	33,427	42,418	187	112	75
2017.4/4	구로구	441,559	221,386	220,173	58,794	27,117	31,677	58,213	26,798	31,415	581	319	262
2017.4/4	금천구	253,491	129,775	123,716	34,170	15,556	18,614	33,842	15,388	18,454	328	168	160
2017.4/4	영등포구	402,024	202,400	199,624	53,981	24,376	29,605	53,299	24,020	29,279	682	356	326
2017.4/4	동작구	408,493	198,827	209,666	57,255	24,994	32,261	57,071	24,902	32,169	184	92	92
2017.4/4	관악구	520,929	262,006	258,923	70,046	31,523	38,523	69,729	31,374	38,355	317	149	168
2017.4/4	서초구	445,401	213,422	231,979	53,205	24,135	29,070	53,119	24,090	29,029	86	45	41
2017.4/4	강남구	561,052	268,941	292,111	65,060	29,337	35,723	64,946	29,282	35,664	114	55	59
2017.4/4	송파구	671,173	326,407	344,766	76,582	35,274	41,308	76,442	35,204	41,238	140	70	70
2017.4/4	강동구	440,359	218,699	221,660	56,161	25,540	30,621	56,080	25,502	30,578	81	38	43
2018.1/4	합계	10,112,070	4,948,481	5,163,589	1,382,420	610,263	772,157	1,376,261	607,029	769,232	6,159	3,234	2,925
2018.1/4	종로구	164,348	79,962	84,386	26,429	11,593	14,836	26,254	11,496	14,758	175	97	78
2018.1/4	중구	135,139	66,582	68,557	21,655	9,486	12,169	21,396	9,347	12,049	259	139	120
2018.1/4	용산구	245,411	119,985	125,426	37,238	15,684	21,554	36,783	15,405	21,378	455	279	176
2018.1/4	성동구	314,551	154,672	159,879	41,752	18,177	23,575	41,608	18,093	23,515	144	84	60
2018.1/4	광진구	371,671	180,206	191,465	44,470	19,797	24,673	44,273	19,698	24,575	197	99	98
2018.1/4	동대문구	364,962	180,381	184,581	56,284	24,925	31,359	56,086	24,835	31,251	198	90	108
2018.1/4	중랑구	411,552	204,411	207,141	59,992	26,691	33,301	59,897	26,644	33,253	95	47	48
2018.1/4	성북구	453,902	220,024	233,878	66,896	28,861	38,035	66,745	28,789	37,956	151	72	79
2018.1/4	강북구	327,511	159,853	167,658	57,002	24,511	32,491	56,898	24,462	32,436	104	49	55
2018.1/4	도봉구	345,041	168,833	176,208	54,293	24,100	30,193	54,247	24,077	30,170	46	23	23
2018.1/4	노원구	555,803	269,762	286,041	75,081	31,264	43,817	75,015	31,233	43,782	66	31	35
2018.1/4	은평구	490,253	237,542	252,711	75,535	32,761	42,774	75,369	32,679	42,690	166	82	84
2018.1/4	서대문구	324,871	154,960	169,911	49,645	20,978	28,667	49,237	20,776	28,461	408	202	206
2018.1/4	마포구	385,624	182,905	202,719	50,122	21,011	29,111	49,815	20,852	28,963	307	159	148
2018.1/4	양천구	473,087	233,189	239,898	56,070	25,043	31,027	55,960	24,987	30,973	110	56	54
2018.1/4	강서구	608,361	296,098	312,263	77,381	34,211	43,170	77,152	34,076	43,076	229	135	94
2018.1/4	구로구	440,396	220,903	219,493	59,838	27,579	32,259	59,107	27,169	31,938	731	410	321
2018.1/4	금천구	253,344	129,791	123,553	34,640	15,786	18,854	34,234	15,572	18,662	406	214	192
2018.1/4	영등포구	403,988	203,472	200,516	54,704	24,750	29,954	53,886	24,313	29,573	818	437	381
2018.1/4	동작구	406,715	197,848	208,867	57,711	25,201	32,510	57,489	25,092	32,397	222	109	113
2018.1/4	관악구	522,292	262,428	259,864	70,807	31,780	39,027	70,425	31,599	38,826	382	181	201
2018.1/4	서초구	445,164	213,279	231,885	54,055	24,494	29,561	53,960	24,445	29,515	95	49	46
2018.1/4	강남구	557,865	267,314	290,551	65,859	29,656	36,203	65,725	29,591	36,134	134	65	69
2018.1/4	송파구	671,994	326,511	345,483	77,978	35,932	42,046	77,816	35,851	41,965	162	81	81
2018.1/4	강동구	438,225	217,570	220,655	56,983	25,992	30,991	56,884	25,948	30,936	99	44	55
2018.2/4	합계	10,089,517	4,935,944	5,153,573	1,393,671	615,319	778,352	1,387,631	612,137	775,494	6,040	3,182	2,858
2018.2/4	종로구	163,569	79,522	84,047	26,512	11,658	14,854	26,340	11,562	14,778	172	96	76
2018.2/4	중구	135,427	66,673	68,754	21,798	9,554	12,244	21,540	9,416	12,124	258	138	120
2018.2/4	용산구	245,245	119,963	125,282	37,331	15,734	21,597	36,887	15,459	21,428	444	275	169
2018.2/4	성동구	316,068	155,268	160,800	42,171	18,348	23,823	42,026	18,263	23,763	145	85	60
2018.2/4	광진구	370,519	179,621	190,898	44,806	19,953	24,853	44,617	19,861	24,756	189	92	97
2018.2/4	동대문구	364,527	180,126	184,401	56,675	25,108	31,567	56,487	25,023	31,464	188	85	103
2018.2/4	중랑구	410,296	203,711	206,585	60,618	26,963	33,655	60,534	26,920	33,614	84	43	41
2018.2/4	성북구	451,829	218,998	232,831	67,132	28,930	38,202	66,982	28,859	38,123	150	71	79
2018.2/4	강북구	326,063	159,219	166,844	57,401	24,687	32,714	57,297	24,636	32,661	104	51	53
2018.2/4	도봉구	344,096	168,282	175,814	54,969	24,416	30,553	54,930	24,395	30,535	39	21	18
2018.2/4	노원구	553,177	268,396	284,781	75,741	31,649	44,092	75,674	31,619	44,055	67	30	37
2018.2/4	은평구	489,045	236,802	252,243	76,097	33,031	43,066	75,937	32,951	42,986	160	80	80
2018.2/4	서대문구	323,261	154,145	169,116	49,935	21,104	28,831	49,526	20,901	28,625	409	203	206
2018.2/4	마포구	385,507	182,627	202,880	50,350	21,114	29,236	50,050	20,961	29,089	300	153	147
2018.2/4	양천구	471,026	232,087	238,939	56,742	25,318	31,424	56,633	25,264	31,369	109	54	55
2018.2/4	강서구	606,981	295,221	311,760	78,042	34,517	43,525	77,818	34,383	43,435	224	134	90
2018.2/4	구로구	440,305	220,880	219,425	60,564	27,880	32,684	59,845	27,473	32,372	719	407	312
2018.2/4	금천구	252,752	129,612	123,140	34,945	15,933	19,012	34,543	15,721	18,822	402	212	190
2018.2/4	영등포구	404,501	203,696	200,805	54,994	24,843	30,151	54,188	24,413	29,775	806	430	376
2018.2/4	동작구	407,275	197,984	209,291	58,133	25,383	32,750	57,914	25,276	32,638	219	107	112
2018.2/4	관악구	521,960	262,235	259,725	71,317	31,967	39,350	70,949	31,791	39,158	368	176	192
2018.2/4	서초구	443,989	212,679	231,310	54,614	24,765	29,849	54,520	24,717	29,803	94	48	46
2018.2/4	강남구	551,888	264,332	287,556	66,011	29,657	36,354	65,876	29,590	36,286	135	67	68
2018.2/4	송파구	673,161	327,051	346,110	79,093	36,488	42,605	78,937	36,409	42,528	156	79	77
2018.2/4	강동구	437,050	216,814	220,236	57,680	26,319	31,361	57,581	26,274	31,307	99	45	54
2018.3/4	합계	10,068,381	4,922,959	5,145,422	1,405,404	620,435	784,969	1,399,494	617,313	782,181	5,910	3,122	2,788
2018.3/4	종로구	163,086	79,301	83,785	26,622	11,706	14,916	26,455	11,612	14,843	167	94	73
2018.3/4	중구	135,258	66,554	68,704	21,902	9,593	12,309	21,651	9,460	12,191	251	133	118
2018.3/4	용산구	245,087	119,830	125,257	37,443	15,785	21,658	37,015	15,521	21,494	428	264	164
2018.3/4	성동구	317,197	155,652	161,545	42,581	18,552	24,029	42,438	18,467	23,971	143	85	58
2018.3/4	광진구	369,999	179,120	190,879	45,202	20,146	25,056	45,016	20,057	24,959	186	89	97
2018.3/4	동대문구	366,101	180,817	185,284	57,096	25,281	31,815	56,915	25,199	31,716	181	82	99
2018.3/4	중랑구	409,058	203,014	206,044	61,271	27,277	33,994	61,189	27,236	33,953	82	41	41
2018.3/4	성북구	449,574	217,656	231,918	67,447	29,030	38,417	67,305	28,961	38,344	142	69	73
2018.3/4	강북구	324,276	158,263	166,013	57,741	24,831	32,910	57,640	24,781	32,859	101	50	51
2018.3/4	도봉구	342,990	167,726	175,264	55,499	24,634	30,865	55,462	24,613	30,849	37	21	16
2018.3/4	노원구	551,069	267,318	283,751	76,466	32,000	44,466	76,400	31,973	44,427	66	27	39
2018.3/4	은평구	487,849	236,029	251,820	76,643	33,230	43,413	76,483	33,149	43,334	160	81	79
2018.3/4	서대문구	322,497	153,727	168,770	50,278	21,227	29,051	49,871	21,025	28,846	407	202	205
2018.3/4	마포구	385,032	182,174	202,858	50,559	21,222	29,337	50,271	21,075	29,196	288	147	141
2018.3/4	양천구	469,945	231,360	238,585	57,442	25,612	31,830	57,338	25,560	31,778	104	52	52
2018.3/4	강서구	605,068	294,128	310,940	78,814	34,846	43,968	78,596	34,710	43,886	218	136	82
2018.3/4	구로구	439,234	220,323	218,911	61,293	28,188	33,105	60,579	27,783	32,796	714	405	309
2018.3/4	금천구	252,359	129,482	122,877	35,299	16,098	19,201	34,913	15,891	19,022	386	207	179
2018.3/4	영등포구	403,724	203,134	200,590	55,364	25,012	30,352	54,571	24,590	29,981	793	422	371
2018.3/4	동작구	407,925	198,184	209,741	58,803	25,648	33,155	58,590	25,543	33,047	213	105	108
2018.3/4	관악구	521,685	261,905	259,780	71,840	32,163	39,677	71,475	31,991	39,484	365	172	193
2018.3/4	서초구	441,539	211,513	230,026	54,887	24,908	29,979	54,795	24,861	29,934	92	47	45
2018.3/4	강남구	549,255	263,137	286,118	66,412	29,830	36,582	66,282	29,764	36,518	130	66	64
2018.3/4	송파구	673,582	327,054	346,528	80,220	37,008	43,212	80,060	36,926	43,134	160	82	78
2018.3/4	강동구	434,992	215,558	219,434	58,280	26,608	31,672	58,184	26,565	31,619	96	43	53
2018.4/4	합계	10,049,607	4,910,849	5,138,758	1,416,131	625,040	791,091	1,410,297	621,950	788,347	5,834	3,090	2,744
2018.4/4	종로구	163,026	79,156	83,870	26,742	11,779	14,963	26,572	11,682	14,890	170	97	73
2018.4/4	중구	135,633	66,674	68,959	22,005	9,635	12,370	21,750	9,498	12,252	255	137	118
2018.4/4	용산구	245,090	119,766	125,324	37,640	15,892	21,748	37,212	15,630	21,582	428	262	166
2018.4/4	성동구	316,463	155,091	161,372	42,767	18,612	24,155	42,629	18,531	24,098	138	81	57
2018.4/4	광진구	371,063	179,527	191,536	45,619	20,291	25,328	45,432	20,200	25,232	187	91	96
2018.4/4	동대문구	364,338	179,774	184,564	57,165	25,347	31,818	56,991	25,271	31,720	174	76	98
2018.4/4	중랑구	408,147	202,448	205,699	61,830	27,516	34,314	61,748	27,474	34,274	82	42	40
2018.4/4	성북구	447,687	216,495	231,192	67,782	29,163	38,619	67,646	29,097	38,549	136	66	70
2018.4/4	강북구	322,915	157,522	165,393	58,196	25,034	33,162	58,103	24,986	33,117	93	48	45
2018.4/4	도봉구	341,649	167,043	174,606	55,964	24,854	31,110	55,926	24,831	31,095	38	23	15
2018.4/4	노원구	548,160	265,870	282,290	77,096	32,280	44,816	77,032	32,254	44,778	64	26	38
2018.4/4	은평구	487,666	235,600	252,066	77,420	33,525	43,895	77,263	33,446	43,817	157	79	78
2018.4/4	서대문구	323,080	153,816	169,264	50,456	21,334	29,122	50,045	21,128	28,917	411	206	205
2018.4/4	마포구	386,359	182,573	203,786	50,833	21,270	29,563	50,544	21,122	29,422	289	148	141
2018.4/4	양천구	468,145	230,457	237,688	58,045	25,907	32,138	57,941	25,855	32,086	104	52	52
2018.4/4	강서구	603,611	293,289	310,322	79,660	35,261	44,399	79,445	35,128	44,317	215	133	82
2018.4/4	구로구	438,486	219,949	218,537	61,801	28,372	33,429	61,105	27,976	33,129	696	396	300
2018.4/4	금천구	254,021	130,398	123,623	35,739	16,301	19,438	35,354	16,092	19,262	385	209	176
2018.4/4	영등포구	403,600	203,319	200,281	55,673	25,178	30,495	54,906	24,768	30,138	767	410	357
2018.4/4	동작구	409,385	198,458	210,927	59,479	25,930	33,549	59,265	25,824	33,441	214	106	108
2018.4/4	관악구	520,040	260,742	259,298	72,249	32,306	39,943	71,888	32,138	39,750	361	168	193
2018.4/4	서초구	438,163	209,977	228,186	54,751	24,797	29,954	54,663	24,753	29,910	88	44	44
2018.4/4	강남구	547,453	262,203	285,250	67,085	30,105	36,980	66,957	30,036	36,921	128	69	59
2018.4/4	송파구	673,507	326,849	346,658	81,364	37,554	43,810	81,211	37,477	43,734	153	77	76
2018.4/4	강동구	431,920	213,853	218,067	58,770	26,797	31,973	58,669	26,753	31,916	101	44	57
2019.1/4	합계	10,054,979	4,909,387	5,145,592	1,436,125	634,125	802,000	1,429,163	630,451	798,712	6,962	3,674	3,288
2019.1/4	종로구	162,913	78,963	83,950	26,981	11,922	15,059	26,776	11,805	14,971	205	117	88
2019.1/4	중구	135,836	66,720	69,116	22,421	9,826	12,595	22,120	9,660	12,460	301	166	135
2019.1/4	용산구	245,139	119,597	125,542	38,049	16,061	21,988	37,564	15,768	21,796	485	293	192
2019.1/4	성동구	314,608	154,011	160,597	43,076	18,743	24,333	42,916	18,655	24,261	160	88	72
2019.1/4	광진구	370,658	179,162	191,496	46,288	20,606	25,682	46,062	20,492	25,570	226	114	112
2019.1/4	동대문구	363,262	179,100	184,162	57,570	25,583	31,987	57,377	25,498	31,879	193	85	108
2019.1/4	중랑구	407,211	201,808	205,403	62,789	27,940	34,849	62,690	27,891	34,799	99	49	50
2019.1/4	성북구	450,021	217,400	232,621	68,612	29,525	39,087	68,453	29,447	39,006	159	78	81
2019.1/4	강북구	321,151	156,525	164,626	58,858	25,302	33,556	58,747	25,248	33,499	111	54	57
2019.1/4	도봉구	340,089	166,218	173,871	56,742	25,239	31,503	56,691	25,210	31,481	51	29	22
2019.1/4	노원구	545,486	264,460	281,026	78,170	32,790	45,380	78,094	32,759	45,335	76	31	45
2019.1/4	은평구	488,713	235,925	252,788	78,406	33,974	44,432	78,228	33,886	44,342	178	88	90
2019.1/4	서대문구	324,604	154,410	170,194	51,085	21,637	29,448	50,619	21,401	29,218	466	236	230
2019.1/4	마포구	386,571	182,249	204,322	51,293	21,463	29,830	50,951	21,293	29,658	342	170	172
2019.1/4	양천구	466,622	229,486	237,136	58,930	26,352	32,578	58,813	26,293	32,520	117	59	58
2019.1/4	강서구	602,886	292,646	310,240	80,903	35,732	45,171	80,647	35,575	45,072	256	157	99
2019.1/4	구로구	438,889	220,013	218,876	63,017	28,916	34,101	62,129	28,426	33,703	888	490	398
2019.1/4	금천구	254,244	130,503	123,741	36,301	16,560	19,741	35,817	16,299	19,518	484	261	223
2019.1/4	영등포구	404,556	203,579	200,977	56,463	25,515	30,948	55,510	25,008	30,502	953	507	446
2019.1/4	동작구	412,031	199,526	212,505	60,462	26,332	34,130	60,211	26,206	34,005	251	126	125
2019.1/4	관악구	520,645	260,919	259,726	73,005	32,605	40,400	72,578	32,398	40,180	427	207	220
2019.1/4	서초구	437,007	209,329	227,678	55,366	25,077	30,289	55,262	25,020	30,242	104	57	47
2019.1/4	강남구	546,875	262,082	284,793	68,104	30,605	37,499	67,963	30,534	37,429	141	71	70
2019.1/4	송파구	685,361	332,367	352,994	83,492	38,623	44,869	83,315	38,533	44,782	177	90	87
2019.1/4	강동구	429,601	212,389	217,212	59,742	27,197	32,545	59,630	27,146	32,484	112	51	61
2019.2/4	합계	10,041,574	4,899,133	5,142,441	1,451,564	640,905	810,659	1,444,763	637,323	807,440	6,801	3,582	3,219
2019.2/4	종로구	162,413	78,657	83,756	27,155	12,036	15,119	26,943	11,915	15,028	212	121	91
2019.2/4	중구	136,276	66,919	69,357	22,749	9,972	12,777	22,450	9,810	12,640	299	162	137
2019.2/4	용산구	245,069	119,507	125,562	38,259	16,177	22,082	37,785	15,891	21,894	474	286	188
2019.2/4	성동구	312,991	153,027	159,964	43,370	18,879	24,491	43,218	18,797	24,421	152	82	70
2019.2/4	광진구	369,470	178,493	190,977	46,773	20,858	25,915	46,545	20,745	25,800	228	113	115
2019.2/4	동대문구	363,101	178,840	184,261	58,078	25,809	32,269	57,891	25,726	32,165	187	83	104
2019.2/4	중랑구	405,639	200,966	204,673	63,670	28,402	35,268	63,574	28,354	35,220	96	48	48
2019.2/4	성북구	452,292	218,236	234,056	69,341	29,802	39,539	69,182	29,725	39,457	159	77	82
2019.2/4	강북구	319,377	155,541	163,836	59,189	25,419	33,770	59,082	25,367	33,715	107	52	55
2019.2/4	도봉구	339,001	165,652	173,349	57,367	25,573	31,794	57,315	25,544	31,771	52	29	23
2019.2/4	노원구	542,603	262,747	279,856	79,046	33,157	45,889	78,975	33,127	45,848	71	30	41
2019.2/4	은평구	488,285	235,471	252,814	79,282	34,321	44,961	79,102	34,232	44,870	180	89	91
2019.2/4	서대문구	324,304	154,066	170,238	51,367	21,712	29,655	50,928	21,490	29,438	439	222	217
2019.2/4	마포구	385,985	181,757	204,228	51,613	21,574	30,039	51,279	21,405	29,874	334	169	165
2019.2/4	양천구	465,095	228,697	236,398	59,731	26,719	33,012	59,613	26,661	32,952	118	58	60
2019.2/4	강서구	602,230	292,139	310,091	81,965	36,187	45,778	81,716	36,033	45,683	249	154	95
2019.2/4	구로구	439,328	220,027	219,301	64,028	29,334	34,694	63,160	28,852	34,308	868	482	386
2019.2/4	금천구	254,061	130,282	123,779	36,727	16,723	20,004	36,251	16,469	19,782	476	254	222
2019.2/4	영등포구	404,229	203,265	200,964	56,891	25,736	31,155	55,956	25,239	30,717	935	497	438
2019.2/4	동작구	412,000	199,320	212,680	61,009	26,561	34,448	60,764	26,440	34,324	245	121	124
2019.2/4	관악구	519,864	260,404	259,460	73,693	32,905	40,788	73,281	32,704	40,577	412	201	211
2019.2/4	서초구	435,631	208,610	227,021	55,853	25,266	30,587	55,753	25,213	30,540	100	53	47
2019.2/4	강남구	547,602	262,219	285,383	69,011	31,018	37,993	68,878	30,951	37,927	133	67	66
2019.2/4	송파구	686,181	332,539	353,642	84,740	39,168	45,572	84,573	39,086	45,487	167	82	85
2019.2/4	강동구	428,547	211,752	216,795	60,657	27,597	33,060	60,549	27,547	33,002	108	50	58
2019.3/4	합계	10,025,927	4,887,068	5,138,859	1,468,146	648,586	819,560	1,461,460	645,055	816,405	6,686	3,531	3,155
2019.3/4	종로구	162,860	78,523	84,337	27,394	12,156	15,238	27,181	12,034	15,147	213	122	91
2019.3/4	중구	136,663	67,030	69,633	23,025	10,115	12,910	22,733	9,955	12,778	292	160	132
2019.3/4	용산구	244,989	119,499	125,490	38,531	16,310	22,221	38,073	16,031	22,042	458	279	179
2019.3/4	성동구	311,290	152,134	159,156	43,662	19,049	24,613	43,512	18,969	24,543	150	80	70
2019.3/4	광진구	368,337	177,749	190,588	47,347	21,110	26,237	47,126	21,000	26,126	221	110	111
2019.3/4	동대문구	363,779	178,958	184,821	58,764	26,100	32,664	58,581	26,020	32,561	183	80	103
2019.3/4	중랑구	403,776	199,959	203,817	64,449	28,830	35,619	64,351	28,782	35,569	98	48	50
2019.3/4	성북구	454,114	218,857	235,257	70,204	30,203	40,001	70,048	30,129	39,919	156	74	82
2019.3/4	강북구	317,875	154,784	163,091	59,808	25,675	34,133	59,702	25,621	34,081	106	54	52
2019.3/4	도봉구	337,594	164,883	172,711	58,070	25,933	32,137	58,020	25,905	32,115	50	28	22
2019.3/4	노원구	539,829	261,141	278,688	79,968	33,611	46,357	79,897	33,582	46,315	71	29	42
2019.3/4	은평구	486,159	234,228	251,931	79,957	34,616	45,341	79,782	34,528	45,254	175	88	87
2019.3/4	서대문구	324,089	153,618	170,471	51,708	21,852	29,856	51,271	21,634	29,637	437	218	219
2019.3/4	마포구	385,605	181,368	204,237	51,961	21,737	30,224	51,628	21,567	30,061	333	170	163
2019.3/4	양천구	463,931	227,911	236,020	60,487	27,059	33,428	60,368	26,998	33,370	119	61	58
2019.3/4	강서구	600,240	290,942	309,298	82,937	36,654	46,283	82,693	36,504	46,189	244	150	94
2019.3/4	구로구	439,850	219,971	219,879	64,952	29,740	35,212	64,099	29,267	34,832	853	473	380
2019.3/4	금천구	252,868	129,510	123,358	37,191	16,936	20,255	36,724	16,686	20,038	467	250	217
2019.3/4	영등포구	402,478	201,944	200,534	57,350	25,880	31,470	56,426	25,388	31,038	924	492	432
2019.3/4	동작구	410,487	198,593	211,894	61,607	26,800	34,807	61,370	26,681	34,689	237	119	118
2019.3/4	관악구	519,953	260,386	259,567	74,518	33,290	41,228	74,106	33,086	41,020	412	204	208
2019.3/4	서초구	435,258	208,297	226,961	56,455	25,558	30,897	56,356	25,505	30,851	99	53	46
2019.3/4	강남구	549,043	262,829	286,214	70,029	31,466	38,563	69,899	31,400	38,499	130	66	64
2019.3/4	송파구	684,338	331,364	352,974	86,062	39,796	46,266	85,910	39,721	46,189	152	75	77
2019.3/4	강동구	430,522	212,590	217,932	61,710	28,110	33,600	61,604	28,062	33,542	106	48	58
2019.4/4	합계	10,010,983	4,877,725	5,133,258	1,485,272	656,595	828,677	1,478,664	653,108	825,556	6,608	3,487	3,121
2019.4/4	종로구	161,869	78,215	83,654	27,519	12,162	15,357	27,318	12,049	15,269	201	113	88
2019.4/4	중구	136,488	66,823	69,665	23,275	10,247	13,028	22,974	10,081	12,893	301	166	135
2019.4/4	용산구	245,185	119,599	125,586	38,791	16,466	22,325	38,346	16,196	22,150	445	270	175
2019.4/4	성동구	308,979	150,861	158,118	43,947	19,181	24,766	43,796	19,100	24,696	151	81	70
2019.4/4	광진구	366,972	176,917	190,055	47,902	21,360	26,542	47,681	21,249	26,432	221	111	110
2019.4/4	동대문구	363,023	178,490	184,533	59,350	26,397	32,953	59,170	26,316	32,854	180	81	99
2019.4/4	중랑구	402,024	199,006	203,018	65,164	29,136	36,028	65,065	29,087	35,978	99	49	50
2019.4/4	성북구	454,744	219,099	235,645	70,850	30,498	40,352	70,699	30,429	40,270	151	69	82
2019.4/4	강북구	317,695	154,638	163,057	60,577	26,032	34,545	60,474	25,981	34,493	103	51	52
2019.4/4	도봉구	335,631	163,961	171,670	58,714	26,286	32,428	58,664	26,258	32,406	50	28	22
2019.4/4	노원구	537,303	259,810	277,493	80,923	34,024	46,899	80,854	33,996	46,858	69	28	41
2019.4/4	은평구	484,546	233,360	251,186	80,738	34,987	45,751	80,567	34,899	45,668	171	88	83
2019.4/4	서대문구	323,171	153,215	169,956	52,074	22,030	30,044	51,645	21,817	29,828	429	213	216
2019.4/4	마포구	385,925	181,303	204,622	52,429	21,954	30,475	52,104	21,786	30,318	325	168	157
2019.4/4	양천구	462,285	227,019	235,266	61,264	27,446	33,818	61,147	27,386	33,761	117	60	57
2019.4/4	강서구	598,273	289,691	308,582	84,077	37,157	46,920	83,839	37,014	46,825	238	143	95
2019.4/4	구로구	439,371	219,602	219,769	65,779	30,089	35,690	64,932	29,619	35,313	847	470	377
2019.4/4	금천구	251,820	128,954	122,866	37,660	17,184	20,476	37,196	16,937	20,259	464	247	217
2019.4/4	영등포구	400,986	200,986	200,000	57,872	26,142	31,730	56,957	25,654	31,303	915	488	427
2019.4/4	동작구	408,912	197,706	211,206	62,226	27,087	35,139	61,994	26,970	35,024	232	117	115
2019.4/4	관악구	517,334	259,194	258,140	75,194	33,591	41,603	74,787	33,390	41,397	407	201	206
2019.4/4	서초구	435,107	208,181	226,926	57,136	25,886	31,250	57,036	25,835	31,201	100	51	49
2019.4/4	강남구	550,209	263,345	286,864	71,025	31,935	39,090	70,896	31,869	39,027	129	66	63
2019.4/4	송파구	682,741	330,412	352,329	87,334	40,350	46,984	87,182	40,272	46,910	152	78	74
2019.4/4	강동구	440,390	217,338	223,052	63,452	28,968	34,484	63,341	28,918	34,423	111	50	61
2020.1/4	합계	10,013,781	4,874,995	5,138,786	1,518,239	671,095	847,144	1,510,460	667,011	843,449	7,779	4,084	3,695
2020.1/4	종로구	161,984	78,271	83,713	28,073	12,459	15,614	27,855	12,335	15,520	218	124	94
2020.1/4	중구	136,469	66,769	69,700	23,794	10,495	13,299	23,448	10,303	13,145	346	192	154
2020.1/4	용산구	246,165	119,961	126,204	39,439	16,753	22,686	38,947	16,455	22,492	492	298	194
2020.1/4	성동구	307,193	149,891	157,302	44,728	19,517	25,211	44,547	19,424	25,123	181	93	88
2020.1/4	광진구	365,990	176,226	189,764	48,989	21,851	27,138	48,721	21,721	27,000	268	130	138
2020.1/4	동대문구	362,793	178,202	184,591	60,367	26,869	33,498	60,157	26,775	33,382	210	94	116
2020.1/4	중랑구	400,678	198,122	202,556	66,764	29,854	36,910	66,649	29,796	36,853	115	58	57
2020.1/4	성북구	454,532	218,561	235,971	72,172	31,020	41,152	71,997	30,943	41,054	175	77	98
2020.1/4	강북구	316,750	154,141	162,609	61,660	26,518	35,142	61,537	26,462	35,075	123	56	67
2020.1/4	도봉구	333,495	162,774	170,721	60,023	26,892	33,131	59,968	26,866	33,102	55	26	29
2020.1/4	노원구	535,495	258,696	276,799	82,682	34,770	47,912	82,605	34,738	47,867	77	32	45
2020.1/4	은평구	482,509	231,953	250,556	82,245	35,610	46,635	82,046	35,511	46,535	199	99	100
2020.1/4	서대문구	325,875	154,502	171,373	53,038	22,459	30,579	52,568	22,219	30,349	470	240	230
2020.1/4	마포구	386,086	181,204	204,882	53,283	22,363	30,920	52,912	22,171	30,741	371	192	179
2020.1/4	양천구	460,532	226,109	234,423	62,761	28,111	34,650	62,622	28,043	34,579	139	68	71
2020.1/4	강서구	595,703	288,134	307,569	85,992	37,990	48,002	85,713	37,819	47,894	279	171	108
2020.1/4	구로구	438,308	218,970	219,338	67,432	30,848	36,584	66,383	30,265	36,118	1,049	583	466
2020.1/4	금천구	251,370	128,643	122,727	38,508	17,591	20,917	37,948	17,289	20,659	560	302	258
2020.1/4	영등포구	404,766	202,617	202,149	59,373	26,821	32,552	58,266	26,223	32,043	1,107	598	509
2020.1/4	동작구	407,802	196,943	210,859	63,378	27,608	35,770	63,090	27,465	35,625	288	143	145
2020.1/4	관악구	516,662	258,982	257,680	76,664	34,225	42,439	76,174	33,985	42,189	490	240	250
2020.1/4	서초구	434,801	207,877	226,924	58,332	26,333	31,999	58,226	26,282	31,944	106	51	55
2020.1/4	강남구	549,898	263,163	286,735	72,602	32,552	40,050	72,461	32,483	39,978	141	69	72
2020.1/4	송파구	680,883	329,058	351,825	89,539	41,297	48,242	89,346	41,208	48,138	193	89	104
2020.1/4	강동구	457,042	225,226	231,816	66,401	30,289	36,112	66,274	30,230	36,044	127	59	68